1.000000 -1.000000 -0.000000
1.000000 -0.897436 -0.000000
1.000000 -0.794872 -0.000000
1.000000 -0.692308 -0.000000
1.000000 -0.589744 -0.000000
1.000000 -0.487179 -0.000000
1.000000 -0.384615 -0.000000
1.000000 -0.282051 -0.000000
1.000000 -0.179487 -0.000000
1.000000 -0.076923 -0.000000
1.000000 0.025641 -0.000000
1.000000 -1.000000 -0.000000
1.000000 -1.000000 inf
1.000000 -0.897436 inf
1.000000 -0.794872 -inf
1.000000 -0.692308 -inf
1.000000 -0.589744 inf
1.000000 -0.487179 inf
1.000000 -0.384615 inf
1.000000 -0.282051 -inf
1.000000 -0.179487 inf
1.000000 -0.076923 inf
1.000000 0.025641 -inf
1.000000 0.128205 inf
1.000000 0.230769 inf
1.000000 0.333333 inf
1.000000 0.435897 -inf
1.000000 0.538462 inf
1.000000 0.641026 -inf
1.000000 0.743590 -inf
1.000000 0.846154 inf
1.000000 0.948718 -inf
1.000000 1.051282 -inf
1.000000 1.153846 -inf
1.000000 1.256410 -inf
1.000000 1.358974 inf
1.000000 1.461538 inf
1.000000 1.564103 inf
1.000000 1.666667 -inf
1.000000 1.769231 inf
1.000000 1.871795 inf
1.000000 1.974359 inf
1.000000 2.076923 -inf
1.000000 -1.000000 inf
1.000000 -1.000000 inf
1.000000 -0.897436 inf
1.000000 -1.000000 inf
1.000000 -0.897436 inf
1.000000 -0.794872 -inf
1.000000 -0.692308 -inf
1.000000 -0.589744 inf
1.000000 -0.487179 inf
1.000000 -0.384615 inf
1.000000 -0.282051 -inf
1.000000 -0.179487 inf
1.000000 -0.076923 inf
1.000000 -1.000000 inf
1.000000 -0.897436 inf
1.000000 -0.794872 -inf
1.000000 -0.692308 -inf
1.000000 -0.589744 inf
1.000000 -1.000000 nan
1.000000 -0.897436 nan
1.000000 -0.794872 -inf
1.000000 -0.692308 -inf
1.000000 -0.589744 nan
1.000000 -0.487179 nan
1.000000 -0.384615 nan
1.000000 -1.000000 inf
1.000000 -0.897436 inf
1.000000 -0.794872 -inf
1.000000 -0.692308 -inf
1.000000 -0.589744 inf
1.000000 -0.487179 inf
1.000000 -0.384615 inf
1.000000 -0.282051 -inf
1.000000 -1.000000 inf
1.000000 -0.897436 inf
1.000000 -1.000000 -0.000000
1.000000 -0.897436 -0.000000
1.000000 -0.794872 -0.000000
1.000000 -0.692308 -0.000000
1.000000 -0.589744 -0.000000
1.000000 -0.487179 -0.000000
1.000000 -0.384615 -0.000000
1.000000 -0.282051 -0.000000
1.000000 -0.179487 -0.000000
1.000000 -0.076923 -0.000000
1.000000 0.025641 -0.000000
1.000000 0.128205 -0.000000
1.000000 0.230769 -0.000000
1.000000 0.333333 -0.000000
1.000000 0.435897 -0.000000
1.000000 0.538462 -0.000000
1.000000 0.641026 -0.000000
1.000000 -1.000000 inf
1.000000 -0.897436 inf
1.000000 -0.794872 inf
1.000000 -0.692308 inf
1.000000 -0.589744 inf
1.000000 -0.487179 inf
1.000000 -0.384615 inf
1.000000 -0.282051 inf
1.000000 -1.000000 inf
1.000000 -0.897436 inf
1.000000 -0.794872 inf
1.000000 -0.692308 inf
1.000000 -1.000000 inf
1.000000 -0.897436 inf
1.000000 -0.794872 inf
1.000000 -0.692308 inf
1.000000 -0.589744 inf
1.000000 -0.487179 inf
1.000000 -0.384615 inf
1.000000 -0.282051 inf
1.000000 -0.179487 inf
1.000000 -0.076923 inf
1.000000 0.025641 inf
1.000000 0.128205 inf
1.000000 0.230769 inf
1.000000 0.333333 inf
1.000000 0.435897 inf
1.000000 0.538462 inf
1.000000 0.641026 inf
1.000000 0.743590 inf
1.000000 0.846154 inf
1.000000 0.948718 inf
1.000000 1.051282 inf
1.000000 -1.000000 -0.000000
1.000000 -0.897436 -0.000000
1.000000 -0.794872 -0.000000
1.000000 -0.692308 -0.000000
1.000000 -1.000000 -0.000000
1.000000 -0.897436 -0.000000
1.000000 -0.794872 -0.000000
1.000000 -0.692308 -0.000000
1.000000 -0.589744 -0.000000
1.000000 -0.487179 -0.000000
1.000000 -0.384615 -0.000000
1.000000 -0.282051 -0.000000
1.000000 -1.000000 -0.000000
1.000000 -0.897436 -0.000000
1.000000 -1.000000 inf
1.000000 -0.897436 inf
1.000000 -0.794872 inf
1.000000 -1.000000 -inf
1.000000 -0.897436 -inf
1.000000 -0.794872 -inf
1.000000 -1.000000 inf
1.000000 -0.897436 inf
1.000000 -0.794872 inf
1.000000 -0.692308 inf
1.000000 -0.589744 inf
1.000000 -0.487179 inf
1.000000 -0.384615 inf
1.000000 -0.282051 inf
1.000000 -1.000000 inf
1.000000 -0.897436 inf
1.000000 -0.794872 inf
1.000000 -1.000000 inf
1.000000 -0.897436 inf
1.000000 -0.794872 inf
1.000000 -0.692308 inf
1.000000 -1.000000 inf
1.000000 -0.897436 inf
1.000000 -0.794872 inf
1.000000 -0.692308 inf
1.000000 -0.589744 inf
1.000000 -0.487179 inf
1.000000 -1.000000 -inf
1.000000 -0.897436 -inf
1.000000 -0.794872 -inf
1.000000 -0.692308 -inf
1.000000 -0.589744 -inf
1.000000 -0.487179 -inf
1.000000 -0.384615 -inf
1.000000 -0.282051 -inf
1.000000 -0.179487 -inf
1.000000 -0.076923 -inf
1.000000 0.025641 -inf
1.000000 -1.000000 -inf
1.000000 -0.897436 -inf
1.000000 -0.794872 -inf
1.000000 -0.692308 -inf
1.000000 -0.589744 -inf
1.000000 -1.000000 -inf
1.000000 -0.897436 -inf
1.000000 -0.794872 -inf
1.000000 -0.692308 -inf
1.000000 -1.000000 -inf
1.000000 -0.897436 -inf
1.000000 -1.000000 -inf
1.000000 -0.897436 -inf
1.000000 -0.794872 -inf
1.000000 -0.692308 -inf
1.000000 -0.589744 -inf
1.000000 -0.487179 -inf
1.000000 -0.384615 -inf
1.000000 -0.282051 -inf
1.000000 -0.179487 -inf
1.000000 -0.076923 -inf
1.000000 0.025641 -inf
1.000000 0.128205 -inf
1.000000 0.230769 -inf
1.000000 0.333333 -inf
1.000000 0.435897 -inf
1.000000 0.538462 -inf
1.000000 0.641026 -inf
1.000000 0.743590 -inf
1.000000 0.846154 -inf
1.000000 0.948718 -inf
1.000000 1.051282 -inf
1.000000 1.153846 -inf
1.000000 1.256410 -inf
1.000000 1.358974 -inf
1.000000 1.461538 -inf
1.000000 1.564103 -inf
1.000000 -1.000000 -inf
1.000000 -1.000000 -inf
1.000000 -1.000000 -inf
1.000000 -0.897436 -inf
1.000000 -0.794872 -inf
1.000000 -0.692308 -inf
1.000000 -0.589744 -inf
1.000000 -1.000000 -inf
1.000000 -0.897436 -inf
1.000000 -0.794872 -inf
1.000000 -0.692308 -inf
1.000000 -0.589744 -inf
1.000000 -0.487179 -inf
1.000000 -0.384615 -inf
1.000000 -0.282051 -inf
1.000000 -0.179487 -inf
1.000000 -0.076923 -inf
1.000000 0.025641 -inf
1.000000 0.128205 -inf
1.000000 0.230769 -inf
1.000000 0.333333 -inf
1.000000 0.435897 -inf
1.000000 0.538462 -inf
1.000000 0.641026 -inf
1.000000 0.743590 -inf
1.000000 0.846154 -inf
1.000000 0.948718 -inf
1.000000 1.051282 -inf
1.000000 1.153846 -inf
1.000000 1.256410 -inf
1.000000 1.358974 -inf
1.000000 1.461538 -inf
1.000000 1.564103 -inf
1.000000 1.666667 -inf
1.000000 1.769231 -inf
1.000000 1.871795 -inf
1.000000 1.974359 -inf
1.000000 2.076923 -inf
1.000000 2.179487 -inf
1.000000 2.282051 -inf
1.000000 2.384615 -inf
1.000000 2.487179 -inf
1.000000 2.589744 -inf
1.000000 2.692308 -inf
1.000000 2.794872 -inf
1.000000 2.897436 -inf
1.000000 3.000000 -inf
2.256410 -1.000000 -inf
2.256410 -0.897436 -inf
2.256410 -0.794872 -inf
2.256410 -0.692308 -inf
2.256410 -0.589744 -inf
2.256410 -0.487179 -inf
2.256410 -0.384615 -inf
2.256410 -0.282051 -inf
2.256410 -0.179487 -inf
2.256410 -0.076923 -inf
2.256410 0.025641 -inf
2.256410 0.128205 -inf
2.256410 0.230769 -inf
2.256410 0.333333 -inf
2.256410 0.435897 -inf
2.256410 0.538462 -inf
2.256410 0.641026 -inf
2.256410 0.743590 -inf
2.256410 0.846154 -inf
2.256410 0.948718 -inf
2.256410 1.051282 -inf
2.256410 1.153846 -inf
2.256410 1.256410 -inf
2.256410 1.358974 -inf
2.256410 1.461538 -inf
2.256410 1.564103 -inf
2.256410 1.666667 -inf
2.256410 1.769231 -inf
2.256410 1.871795 -inf
2.256410 1.974359 -inf
2.256410 2.076923 -inf
2.256410 2.179487 -inf
2.256410 2.282051 -inf
2.256410 2.384615 -inf
2.256410 2.487179 -inf
2.256410 2.589744 -inf
2.256410 2.692308 -inf
2.256410 2.794872 -inf
2.256410 2.897436 -inf
2.256410 3.000000 -inf
3.512821 -1.000000 -inf
3.512821 -0.897436 -inf
3.512821 -0.794872 -inf
3.512821 -0.692308 -inf
3.512821 -0.589744 -inf
3.512821 -0.487179 -inf
3.512821 -0.384615 -inf
3.512821 -0.282051 -inf
3.512821 -0.179487 -inf
3.512821 -0.076923 -inf
3.512821 0.025641 -inf
3.512821 0.128205 -inf
3.512821 0.230769 -inf
3.512821 0.333333 -inf
3.512821 0.435897 -inf
3.512821 0.538462 -inf
3.512821 0.641026 -inf
3.512821 0.743590 -inf
3.512821 0.846154 -inf
3.512821 0.948718 -inf
3.512821 1.051282 -inf
3.512821 1.153846 -inf
3.512821 1.256410 -inf
3.512821 1.358974 -inf
3.512821 1.461538 -inf
3.512821 1.564103 -inf
3.512821 1.666667 -inf
3.512821 1.769231 -inf
3.512821 1.871795 -inf
3.512821 1.974359 -inf
3.512821 2.076923 -inf
3.512821 2.179487 -inf
3.512821 2.282051 -inf
3.512821 2.384615 -inf
3.512821 2.487179 -inf
3.512821 2.589744 -inf
3.512821 2.692308 -inf
3.512821 2.794872 -inf
3.512821 2.897436 -inf
3.512821 3.000000 -inf
4.769231 -1.000000 -inf
4.769231 -0.897436 -inf
4.769231 -0.794872 -inf
4.769231 -0.692308 -inf
4.769231 -0.589744 -inf
4.769231 -0.487179 -inf
4.769231 -0.384615 -inf
4.769231 -0.282051 -inf
4.769231 -0.179487 -inf
4.769231 -0.076923 -inf
4.769231 0.025641 -inf
4.769231 0.128205 -inf
4.769231 0.230769 -inf
4.769231 0.333333 -inf
4.769231 0.435897 -inf
4.769231 0.538462 -inf
4.769231 0.641026 -inf
4.769231 0.743590 -inf
4.769231 0.846154 -inf
4.769231 0.948718 -inf
4.769231 1.051282 -inf
4.769231 1.153846 -inf
4.769231 1.256410 -inf
4.769231 1.358974 -inf
4.769231 1.461538 -inf
4.769231 1.564103 -inf
4.769231 1.666667 -inf
4.769231 1.769231 -inf
4.769231 1.871795 -inf
4.769231 1.974359 -inf
4.769231 2.076923 -inf
4.769231 2.179487 -inf
4.769231 2.282051 -inf
4.769231 2.384615 -inf
4.769231 2.487179 -inf
4.769231 2.589744 -inf
4.769231 2.692308 -inf
4.769231 2.794872 -inf
4.769231 2.897436 -inf
4.769231 3.000000 -inf
6.025641 -1.000000 -inf
6.025641 -0.897436 -inf
6.025641 -0.794872 -inf
6.025641 -0.692308 -inf
6.025641 -0.589744 -inf
6.025641 -0.487179 -inf
6.025641 -0.384615 -inf
6.025641 -0.282051 -inf
6.025641 -0.179487 -inf
6.025641 -0.076923 -inf
6.025641 0.025641 -inf
6.025641 0.128205 -inf
6.025641 0.230769 -inf
6.025641 0.333333 -inf
6.025641 0.435897 -inf
6.025641 0.538462 -inf
6.025641 0.641026 -inf
6.025641 0.743590 -inf
6.025641 0.846154 -inf
6.025641 0.948718 -inf
6.025641 1.051282 -inf
6.025641 1.153846 -inf
6.025641 1.256410 -inf
6.025641 1.358974 -inf
6.025641 1.461538 -inf
6.025641 1.564103 -inf
6.025641 1.666667 -inf
6.025641 1.769231 -inf
6.025641 1.871795 -inf
6.025641 1.974359 -inf
6.025641 2.076923 -inf
6.025641 2.179487 -inf
6.025641 2.282051 -inf
6.025641 2.384615 -inf
6.025641 2.487179 -inf
6.025641 2.589744 -inf
6.025641 2.692308 -inf
6.025641 2.794872 -inf
6.025641 2.897436 -inf
6.025641 3.000000 -inf
7.282051 -1.000000 -inf
7.282051 -0.897436 -inf
7.282051 -0.794872 -inf
7.282051 -0.692308 -inf
7.282051 -0.589744 -inf
7.282051 -0.487179 -inf
7.282051 -0.384615 -inf
7.282051 -0.282051 -inf
7.282051 -0.179487 -inf
7.282051 -0.076923 -inf
7.282051 0.025641 -inf
7.282051 0.128205 -inf
7.282051 0.230769 -inf
7.282051 0.333333 -inf
7.282051 0.435897 -inf
7.282051 0.538462 -inf
7.282051 0.641026 -inf
7.282051 0.743590 -inf
7.282051 0.846154 -inf
7.282051 0.948718 -inf
7.282051 1.051282 -inf
7.282051 1.153846 -inf
7.282051 1.256410 -inf
7.282051 1.358974 -inf
7.282051 1.461538 -inf
7.282051 1.564103 -inf
7.282051 1.666667 -inf
7.282051 1.769231 -inf
7.282051 1.871795 -inf
7.282051 1.974359 -inf
7.282051 2.076923 -inf
7.282051 2.179487 -inf
7.282051 2.282051 -inf
7.282051 2.384615 -inf
7.282051 2.487179 -inf
7.282051 2.589744 -inf
7.282051 2.692308 -inf
7.282051 2.794872 -inf
7.282051 2.897436 -inf
7.282051 3.000000 -inf
8.538462 -1.000000 -inf
8.538462 -0.897436 -inf
8.538462 -0.794872 -inf
8.538462 -0.692308 -inf
8.538462 -0.589744 -inf
8.538462 -0.487179 -inf
8.538462 -0.384615 -inf
8.538462 -0.282051 -inf
8.538462 -0.179487 -inf
8.538462 -0.076923 -inf
8.538462 0.025641 -inf
8.538462 0.128205 -inf
8.538462 0.230769 -inf
8.538462 0.333333 -inf
8.538462 0.435897 -inf
8.538462 0.538462 -inf
8.538462 0.641026 -inf
8.538462 0.743590 -inf
8.538462 0.846154 -inf
8.538462 0.948718 -inf
8.538462 1.051282 -inf
8.538462 1.153846 -inf
8.538462 1.256410 -inf
8.538462 1.358974 -inf
8.538462 1.461538 -inf
8.538462 1.564103 -inf
8.538462 1.666667 -inf
8.538462 1.769231 -inf
8.538462 1.871795 -inf
8.538462 1.974359 -inf
8.538462 2.076923 -inf
8.538462 2.179487 -inf
8.538462 2.282051 -inf
8.538462 2.384615 -inf
8.538462 2.487179 -inf
8.538462 2.589744 -inf
8.538462 2.692308 -inf
8.538462 2.794872 -inf
8.538462 2.897436 -inf
8.538462 3.000000 -inf
9.794872 -1.000000 -inf
9.794872 -0.897436 -inf
9.794872 -0.794872 -inf
9.794872 -0.692308 -inf
9.794872 -0.589744 -inf
9.794872 -0.487179 -inf
9.794872 -0.384615 -inf
9.794872 -0.282051 -inf
9.794872 -0.179487 -inf
9.794872 -0.076923 -inf
9.794872 0.025641 -inf
9.794872 0.128205 -inf
9.794872 0.230769 -inf
9.794872 0.333333 -inf
9.794872 0.435897 -inf
9.794872 0.538462 -inf
9.794872 0.641026 -inf
9.794872 0.743590 -inf
9.794872 0.846154 -inf
9.794872 0.948718 -inf
9.794872 1.051282 -inf
9.794872 1.153846 -inf
9.794872 1.256410 -inf
9.794872 1.358974 -inf
9.794872 1.461538 -inf
9.794872 1.564103 -inf
9.794872 1.666667 -inf
9.794872 1.769231 -inf
9.794872 1.871795 -inf
9.794872 1.974359 -inf
9.794872 2.076923 -inf
9.794872 2.179487 -inf
9.794872 2.282051 -inf
9.794872 2.384615 -inf
9.794872 2.487179 -inf
9.794872 2.589744 -inf
9.794872 2.692308 -inf
9.794872 2.794872 -inf
9.794872 2.897436 -inf
9.794872 3.000000 -inf
11.051282 -1.000000 -inf
11.051282 -0.897436 -inf
11.051282 -0.794872 -inf
11.051282 -0.692308 -inf
11.051282 -0.589744 -inf
11.051282 -0.487179 -inf
11.051282 -0.384615 -inf
11.051282 -0.282051 -inf
11.051282 -0.179487 -inf
11.051282 -0.076923 -inf
11.051282 0.025641 -inf
11.051282 0.128205 -inf
11.051282 0.230769 -inf
11.051282 0.333333 -inf
11.051282 0.435897 -inf
11.051282 0.538462 -inf
11.051282 0.641026 -inf
11.051282 0.743590 -inf
11.051282 0.846154 -inf
11.051282 0.948718 -inf
11.051282 1.051282 -inf
11.051282 1.153846 -inf
11.051282 1.256410 -inf
11.051282 1.358974 -inf
11.051282 1.461538 -inf
11.051282 1.564103 -inf
11.051282 1.666667 -inf
11.051282 1.769231 -inf
11.051282 1.871795 -inf
11.051282 1.974359 -inf
11.051282 2.076923 -inf
11.051282 2.179487 -inf
11.051282 2.282051 -inf
11.051282 2.384615 -inf
11.051282 2.487179 -inf
11.051282 2.589744 -inf
11.051282 2.692308 -inf
11.051282 2.794872 -inf
11.051282 2.897436 -inf
11.051282 3.000000 -inf
12.307692 -1.000000 -inf
12.307692 -0.897436 -inf
12.307692 -0.794872 -inf
12.307692 -0.692308 -inf
12.307692 -0.589744 -inf
12.307692 -0.487179 -inf
12.307692 -0.384615 -inf
12.307692 -0.282051 -inf
12.307692 -0.179487 -inf
12.307692 -0.076923 -inf
12.307692 0.025641 -inf
12.307692 0.128205 -inf
12.307692 0.230769 -inf
12.307692 0.333333 -inf
12.307692 0.435897 -inf
12.307692 0.538462 -inf
12.307692 0.641026 -inf
12.307692 0.743590 -inf
12.307692 0.846154 -inf
12.307692 0.948718 -inf
12.307692 1.051282 -inf
12.307692 1.153846 -inf
12.307692 1.256410 -inf
12.307692 1.358974 -inf
12.307692 1.461538 -inf
12.307692 1.564103 -inf
12.307692 1.666667 -inf
12.307692 1.769231 -inf
12.307692 1.871795 -inf
12.307692 1.974359 -inf
12.307692 2.076923 -inf
12.307692 2.179487 -inf
12.307692 2.282051 -inf
12.307692 2.384615 -inf
12.307692 2.487179 -inf
12.307692 2.589744 -inf
12.307692 2.692308 -inf
12.307692 2.794872 -inf
12.307692 2.897436 -inf
12.307692 3.000000 -inf
13.564103 -1.000000 -inf
13.564103 -0.897436 -inf
13.564103 -0.794872 -inf
13.564103 -0.692308 -inf
13.564103 -0.589744 -inf
13.564103 -0.487179 -inf
13.564103 -0.384615 -inf
13.564103 -0.282051 -inf
13.564103 -0.179487 -inf
13.564103 -0.076923 -inf
13.564103 0.025641 -inf
13.564103 0.128205 -inf
13.564103 0.230769 -inf
13.564103 0.333333 -inf
13.564103 0.435897 -inf
13.564103 0.538462 -inf
13.564103 0.641026 -inf
13.564103 0.743590 -inf
13.564103 0.846154 -inf
13.564103 0.948718 -inf
13.564103 1.051282 -inf
13.564103 1.153846 -inf
13.564103 1.256410 -inf
13.564103 1.358974 -inf
13.564103 1.461538 -inf
13.564103 1.564103 -inf
13.564103 1.666667 -inf
13.564103 1.769231 -inf
13.564103 1.871795 -inf
13.564103 1.974359 -inf
13.564103 2.076923 -inf
13.564103 2.179487 -inf
13.564103 2.282051 -inf
13.564103 2.384615 -inf
13.564103 2.487179 -inf
13.564103 2.589744 -inf
13.564103 2.692308 -inf
13.564103 2.794872 -inf
13.564103 2.897436 -inf
13.564103 3.000000 -inf
14.820513 -1.000000 -inf
14.820513 -0.897436 -inf
14.820513 -0.794872 -inf
14.820513 -0.692308 -inf
14.820513 -0.589744 -inf
14.820513 -0.487179 -inf
14.820513 -0.384615 -inf
14.820513 -0.282051 -inf
14.820513 -0.179487 -inf
14.820513 -0.076923 -inf
14.820513 0.025641 -inf
14.820513 0.128205 -inf
14.820513 0.230769 -inf
14.820513 0.333333 -inf
14.820513 0.435897 -inf
14.820513 0.538462 -inf
14.820513 0.641026 -inf
14.820513 0.743590 -inf
14.820513 0.846154 -inf
14.820513 0.948718 -inf
14.820513 1.051282 -inf
14.820513 1.153846 -inf
14.820513 1.256410 -inf
14.820513 1.358974 -inf
14.820513 1.461538 -inf
14.820513 1.564103 -inf
14.820513 1.666667 -inf
14.820513 1.769231 -inf
14.820513 1.871795 -inf
14.820513 1.974359 -inf
14.820513 2.076923 -inf
14.820513 2.179487 -inf
14.820513 2.282051 -inf
14.820513 2.384615 -inf
14.820513 2.487179 -inf
14.820513 2.589744 -inf
14.820513 2.692308 -inf
14.820513 2.794872 -inf
14.820513 2.897436 -inf
14.820513 3.000000 -inf
16.076923 -1.000000 -inf
16.076923 -0.897436 -inf
16.076923 -0.794872 -inf
16.076923 -0.692308 -inf
16.076923 -0.589744 -inf
16.076923 -0.487179 -inf
16.076923 -0.384615 -inf
16.076923 -0.282051 -inf
16.076923 -0.179487 -inf
16.076923 -0.076923 -inf
16.076923 0.025641 -inf
16.076923 0.128205 -inf
16.076923 0.230769 -inf
16.076923 0.333333 -inf
16.076923 0.435897 -inf
16.076923 0.538462 -inf
16.076923 0.641026 -inf
16.076923 0.743590 -inf
16.076923 0.846154 -inf
16.076923 0.948718 -inf
16.076923 1.051282 -inf
16.076923 1.153846 -inf
16.076923 1.256410 -inf
16.076923 1.358974 -inf
16.076923 1.461538 -inf
16.076923 1.564103 -inf
16.076923 1.666667 -inf
16.076923 1.769231 -inf
16.076923 1.871795 -inf
16.076923 1.974359 -inf
16.076923 2.076923 -inf
16.076923 2.179487 -inf
16.076923 2.282051 -inf
16.076923 2.384615 -inf
16.076923 2.487179 -inf
16.076923 2.589744 -inf
16.076923 2.692308 -inf
16.076923 2.794872 -inf
16.076923 2.897436 -inf
16.076923 3.000000 -inf
17.333333 -1.000000 -inf
17.333333 -0.897436 -inf
17.333333 -0.794872 -inf
17.333333 -0.692308 -inf
17.333333 -0.589744 -inf
17.333333 -0.487179 -inf
17.333333 -0.384615 -inf
17.333333 -0.282051 -inf
17.333333 -0.179487 -inf
17.333333 -0.076923 -inf
17.333333 0.025641 -inf
17.333333 0.128205 -inf
17.333333 0.230769 -inf
17.333333 0.333333 -inf
17.333333 0.435897 -inf
17.333333 0.538462 -inf
17.333333 0.641026 -inf
17.333333 0.743590 -inf
17.333333 0.846154 -inf
17.333333 0.948718 -inf
17.333333 1.051282 -inf
17.333333 1.153846 -inf
17.333333 1.256410 -inf
17.333333 1.358974 -inf
17.333333 1.461538 -inf
17.333333 1.564103 -inf
17.333333 1.666667 -inf
17.333333 1.769231 -inf
17.333333 1.871795 -inf
17.333333 1.974359 -inf
17.333333 2.076923 -inf
17.333333 2.179487 -inf
17.333333 2.282051 -inf
17.333333 2.384615 -inf
17.333333 2.487179 -inf
17.333333 2.589744 -inf
17.333333 2.692308 -inf
17.333333 2.794872 -inf
17.333333 2.897436 -inf
17.333333 3.000000 -inf
18.589744 -1.000000 -inf
18.589744 -0.897436 -inf
18.589744 -0.794872 -inf
18.589744 -0.692308 -inf
18.589744 -0.589744 -inf
18.589744 -0.487179 -inf
18.589744 -0.384615 -inf
18.589744 -0.282051 -inf
18.589744 -0.179487 -inf
18.589744 -0.076923 -inf
18.589744 0.025641 -inf
18.589744 0.128205 -inf
18.589744 0.230769 -inf
18.589744 0.333333 -inf
18.589744 0.435897 -inf
18.589744 0.538462 -inf
18.589744 0.641026 -inf
18.589744 0.743590 -inf
18.589744 0.846154 -inf
18.589744 0.948718 -inf
18.589744 1.051282 -inf
18.589744 1.153846 -inf
18.589744 1.256410 -inf
18.589744 1.358974 -inf
18.589744 1.461538 -inf
18.589744 1.564103 -inf
18.589744 1.666667 -inf
18.589744 1.769231 -inf
18.589744 1.871795 -inf
18.589744 1.974359 -inf
18.589744 2.076923 -inf
18.589744 2.179487 -inf
18.589744 2.282051 -inf
18.589744 2.384615 -inf
18.589744 2.487179 -inf
18.589744 2.589744 -inf
18.589744 2.692308 -inf
18.589744 2.794872 -inf
18.589744 2.897436 -inf
18.589744 3.000000 -inf
19.846154 -1.000000 -inf
19.846154 -0.897436 -inf
19.846154 -0.794872 -inf
19.846154 -0.692308 -inf
19.846154 -0.589744 -inf
19.846154 -0.487179 -inf
19.846154 -0.384615 -inf
19.846154 -0.282051 -inf
19.846154 -0.179487 -inf
19.846154 -0.076923 -inf
19.846154 0.025641 -inf
19.846154 0.128205 -inf
19.846154 0.230769 -inf
19.846154 0.333333 -inf
19.846154 0.435897 -inf
19.846154 0.538462 -inf
19.846154 0.641026 -inf
19.846154 0.743590 -inf
19.846154 0.846154 -inf
19.846154 0.948718 -inf
19.846154 1.051282 -inf
19.846154 1.153846 -inf
19.846154 1.256410 -inf
19.846154 1.358974 -inf
19.846154 1.461538 -inf
19.846154 1.564103 -inf
19.846154 1.666667 -inf
19.846154 1.769231 -inf
19.846154 1.871795 -inf
19.846154 1.974359 -inf
19.846154 2.076923 -inf
19.846154 2.179487 -inf
19.846154 2.282051 -inf
19.846154 2.384615 -inf
19.846154 2.487179 -inf
19.846154 2.589744 -inf
19.846154 2.692308 -inf
19.846154 2.794872 -inf
19.846154 2.897436 -inf
19.846154 3.000000 -inf
21.102564 -1.000000 -inf
21.102564 -0.897436 -inf
21.102564 -0.794872 -inf
21.102564 -0.692308 -inf
21.102564 -0.589744 -inf
21.102564 -0.487179 -inf
21.102564 -0.384615 -inf
21.102564 -0.282051 -inf
21.102564 -0.179487 -inf
21.102564 -0.076923 -inf
21.102564 0.025641 -inf
21.102564 0.128205 -inf
21.102564 0.230769 -inf
21.102564 0.333333 -inf
21.102564 0.435897 -inf
21.102564 0.538462 -inf
21.102564 0.641026 -inf
21.102564 0.743590 -inf
21.102564 0.846154 -inf
21.102564 0.948718 -inf
21.102564 1.051282 -inf
21.102564 1.153846 -inf
21.102564 1.256410 -inf
21.102564 1.358974 -inf
21.102564 1.461538 -inf
21.102564 1.564103 -inf
21.102564 1.666667 -inf
21.102564 1.769231 -inf
21.102564 1.871795 -inf
21.102564 1.974359 -inf
21.102564 2.076923 -inf
21.102564 2.179487 -inf
21.102564 2.282051 -inf
21.102564 2.384615 -inf
21.102564 2.487179 -inf
21.102564 2.589744 -inf
21.102564 2.692308 -inf
21.102564 2.794872 -inf
21.102564 2.897436 -inf
21.102564 3.000000 -inf
22.358974 -1.000000 -inf
22.358974 -0.897436 -inf
22.358974 -0.794872 -inf
22.358974 -0.692308 -inf
22.358974 -0.589744 -inf
22.358974 -0.487179 -inf
22.358974 -0.384615 -inf
22.358974 -0.282051 -inf
22.358974 -0.179487 -inf
22.358974 -0.076923 -inf
22.358974 0.025641 -inf
22.358974 0.128205 -inf
22.358974 0.230769 -inf
22.358974 0.333333 -inf
22.358974 0.435897 -inf
22.358974 0.538462 -inf
22.358974 0.641026 -inf
22.358974 0.743590 -inf
22.358974 0.846154 -inf
22.358974 0.948718 -inf
22.358974 1.051282 -inf
22.358974 1.153846 -inf
22.358974 1.256410 -inf
22.358974 1.358974 -inf
22.358974 1.461538 -inf
22.358974 1.564103 -inf
22.358974 1.666667 -inf
22.358974 1.769231 -inf
22.358974 1.871795 -inf
22.358974 1.974359 -inf
22.358974 2.076923 -inf
22.358974 2.179487 -inf
22.358974 2.282051 -inf
22.358974 2.384615 -inf
22.358974 2.487179 -inf
22.358974 2.589744 -inf
22.358974 2.692308 -inf
22.358974 2.794872 -inf
22.358974 2.897436 -inf
22.358974 3.000000 -inf
23.615385 -1.000000 -inf
23.615385 -0.897436 -inf
23.615385 -0.794872 -inf
23.615385 -0.692308 -inf
23.615385 -0.589744 -inf
23.615385 -0.487179 -inf
23.615385 -0.384615 -inf
23.615385 -0.282051 -inf
23.615385 -0.179487 -inf
23.615385 -0.076923 -inf
23.615385 0.025641 -inf
23.615385 0.128205 -inf
23.615385 0.230769 -inf
23.615385 0.333333 -inf
23.615385 0.435897 -inf
23.615385 0.538462 -inf
23.615385 0.641026 -inf
23.615385 0.743590 -inf
23.615385 0.846154 -inf
23.615385 0.948718 -inf
23.615385 1.051282 -inf
23.615385 1.153846 -inf
23.615385 1.256410 -inf
23.615385 1.358974 -inf
23.615385 1.461538 -inf
23.615385 1.564103 -inf
23.615385 1.666667 -inf
23.615385 1.769231 -inf
23.615385 1.871795 -inf
23.615385 1.974359 -inf
23.615385 2.076923 -inf
23.615385 2.179487 -inf
23.615385 2.282051 -inf
23.615385 2.384615 -inf
23.615385 2.487179 -inf
23.615385 2.589744 -inf
23.615385 2.692308 -inf
23.615385 2.794872 -inf
23.615385 2.897436 -inf
23.615385 3.000000 -inf
24.871795 -1.000000 -inf
24.871795 -0.897436 -inf
24.871795 -0.794872 -inf
24.871795 -0.692308 -inf
24.871795 -0.589744 -inf
24.871795 -0.487179 -inf
24.871795 -0.384615 -inf
24.871795 -0.282051 -inf
24.871795 -0.179487 -inf
24.871795 -0.076923 -inf
24.871795 0.025641 -inf
24.871795 0.128205 -inf
24.871795 0.230769 -inf
24.871795 0.333333 -inf
24.871795 0.435897 -inf
24.871795 0.538462 -inf
24.871795 0.641026 -inf
24.871795 0.743590 -inf
24.871795 0.846154 -inf
24.871795 0.948718 -inf
24.871795 1.051282 -inf
24.871795 1.153846 -inf
24.871795 1.256410 -inf
24.871795 1.358974 -inf
24.871795 1.461538 -inf
24.871795 1.564103 -inf
24.871795 1.666667 -inf
24.871795 1.769231 -inf
24.871795 1.871795 -inf
24.871795 1.974359 -inf
24.871795 2.076923 -inf
24.871795 2.179487 -inf
24.871795 2.282051 -inf
24.871795 2.384615 -inf
24.871795 2.487179 -inf
24.871795 2.589744 -inf
24.871795 2.692308 -inf
24.871795 2.794872 -inf
24.871795 2.897436 -inf
24.871795 3.000000 -inf
26.128205 -1.000000 -inf
26.128205 -0.897436 -inf
26.128205 -0.794872 -inf
26.128205 -0.692308 -inf
26.128205 -0.589744 -inf
26.128205 -0.487179 -inf
26.128205 -0.384615 -inf
26.128205 -0.282051 -inf
26.128205 -0.179487 -inf
26.128205 -0.076923 -inf
26.128205 0.025641 -inf
26.128205 0.128205 -inf
26.128205 0.230769 -inf
26.128205 0.333333 -inf
26.128205 0.435897 -inf
26.128205 0.538462 -inf
26.128205 0.641026 -inf
26.128205 0.743590 -inf
26.128205 0.846154 -inf
26.128205 0.948718 -inf
26.128205 1.051282 -inf
26.128205 1.153846 -inf
26.128205 1.256410 -inf
26.128205 1.358974 -inf
26.128205 1.461538 -inf
26.128205 1.564103 -inf
26.128205 1.666667 -inf
26.128205 1.769231 -inf
26.128205 1.871795 -inf
26.128205 1.974359 -inf
26.128205 2.076923 -inf
26.128205 2.179487 -inf
26.128205 2.282051 -inf
26.128205 2.384615 -inf
26.128205 2.487179 -inf
26.128205 2.589744 -inf
26.128205 2.692308 -inf
26.128205 2.794872 -inf
26.128205 2.897436 -inf
26.128205 3.000000 -inf
27.384615 -1.000000 -inf
27.384615 -0.897436 -inf
27.384615 -0.794872 -inf
27.384615 -0.692308 -inf
27.384615 -0.589744 -inf
27.384615 -0.487179 -inf
27.384615 -0.384615 -inf
27.384615 -0.282051 -inf
27.384615 -0.179487 -inf
27.384615 -0.076923 -inf
27.384615 0.025641 -inf
27.384615 0.128205 -inf
27.384615 0.230769 -inf
27.384615 0.333333 -inf
27.384615 0.435897 -inf
27.384615 0.538462 -inf
27.384615 0.641026 -inf
27.384615 0.743590 -inf
27.384615 0.846154 -inf
27.384615 0.948718 -inf
27.384615 1.051282 -inf
27.384615 1.153846 -inf
27.384615 1.256410 -inf
27.384615 1.358974 -inf
27.384615 1.461538 -inf
27.384615 1.564103 -inf
27.384615 1.666667 -inf
27.384615 1.769231 -inf
27.384615 1.871795 -inf
27.384615 1.974359 -inf
27.384615 2.076923 -inf
27.384615 2.179487 -inf
27.384615 2.282051 -inf
27.384615 2.384615 -inf
27.384615 2.487179 -inf
27.384615 2.589744 -inf
27.384615 2.692308 -inf
27.384615 2.794872 -inf
27.384615 2.897436 -inf
27.384615 3.000000 -inf
28.641026 -1.000000 -inf
28.641026 -0.897436 -inf
28.641026 -0.794872 -inf
28.641026 -0.692308 -inf
28.641026 -0.589744 -inf
28.641026 -0.487179 -inf
28.641026 -0.384615 -inf
28.641026 -0.282051 -inf
28.641026 -0.179487 -inf
28.641026 -0.076923 -inf
28.641026 0.025641 -inf
28.641026 0.128205 -inf
28.641026 0.230769 -inf
28.641026 0.333333 -inf
28.641026 0.435897 -inf
28.641026 0.538462 -inf
28.641026 0.641026 -inf
28.641026 0.743590 -inf
28.641026 0.846154 -inf
28.641026 0.948718 -inf
28.641026 1.051282 -inf
28.641026 1.153846 -inf
28.641026 1.256410 -inf
28.641026 1.358974 -inf
28.641026 1.461538 -inf
28.641026 1.564103 -inf
28.641026 1.666667 -inf
28.641026 1.769231 -inf
28.641026 1.871795 -inf
28.641026 1.974359 -inf
28.641026 2.076923 -inf
28.641026 2.179487 -inf
28.641026 2.282051 -inf
28.641026 2.384615 -inf
28.641026 2.487179 -inf
28.641026 2.589744 -inf
28.641026 2.692308 -inf
28.641026 2.794872 -inf
28.641026 2.897436 -inf
28.641026 3.000000 -inf
29.897436 -1.000000 -inf
29.897436 -0.897436 -inf
29.897436 -0.794872 -inf
29.897436 -0.692308 -inf
29.897436 -0.589744 -inf
29.897436 -0.487179 -inf
29.897436 -0.384615 -inf
29.897436 -0.282051 -inf
29.897436 -0.179487 -inf
29.897436 -0.076923 -inf
29.897436 0.025641 -inf
29.897436 0.128205 -inf
29.897436 0.230769 -inf
29.897436 0.333333 -inf
29.897436 0.435897 -inf
29.897436 0.538462 -inf
29.897436 0.641026 -inf
29.897436 0.743590 -inf
29.897436 0.846154 -inf
29.897436 0.948718 -inf
29.897436 1.051282 -inf
29.897436 1.153846 -inf
29.897436 1.256410 -inf
29.897436 1.358974 -inf
29.897436 1.461538 -inf
29.897436 1.564103 -inf
29.897436 1.666667 -inf
29.897436 1.769231 -inf
29.897436 1.871795 -inf
29.897436 1.974359 -inf
29.897436 2.076923 -inf
29.897436 2.179487 -inf
29.897436 2.282051 -inf
29.897436 2.384615 -inf
29.897436 2.487179 -inf
29.897436 2.589744 -inf
29.897436 2.692308 -inf
29.897436 2.794872 -inf
29.897436 2.897436 -inf
29.897436 3.000000 -inf
31.153846 -1.000000 -inf
31.153846 -0.897436 -inf
31.153846 -0.794872 -inf
31.153846 -0.692308 -inf
31.153846 -0.589744 -inf
31.153846 -0.487179 -inf
31.153846 -0.384615 -inf
31.153846 -0.282051 -inf
31.153846 -0.179487 -inf
31.153846 -0.076923 -inf
31.153846 0.025641 -inf
31.153846 0.128205 -inf
31.153846 0.230769 -inf
31.153846 0.333333 -inf
31.153846 0.435897 -inf
31.153846 0.538462 -inf
31.153846 0.641026 -inf
31.153846 0.743590 -inf
31.153846 0.846154 -inf
31.153846 0.948718 -inf
31.153846 1.051282 -inf
31.153846 1.153846 -inf
31.153846 1.256410 -inf
31.153846 1.358974 -inf
31.153846 1.461538 -inf
31.153846 1.564103 -inf
31.153846 1.666667 -inf
31.153846 1.769231 -inf
31.153846 1.871795 -inf
31.153846 1.974359 -inf
31.153846 2.076923 -inf
31.153846 2.179487 -inf
31.153846 2.282051 -inf
31.153846 2.384615 -inf
31.153846 2.487179 -inf
31.153846 2.589744 -inf
31.153846 2.692308 -inf
31.153846 2.794872 -inf
31.153846 2.897436 -inf
31.153846 3.000000 -inf
32.410256 -1.000000 -inf
32.410256 -0.897436 -inf
32.410256 -0.794872 -inf
32.410256 -0.692308 -inf
32.410256 -0.589744 -inf
32.410256 -0.487179 -inf
32.410256 -0.384615 -inf
32.410256 -0.282051 -inf
32.410256 -0.179487 -inf
32.410256 -0.076923 -inf
32.410256 0.025641 -inf
32.410256 0.128205 -inf
32.410256 0.230769 -inf
32.410256 0.333333 -inf
32.410256 0.435897 -inf
32.410256 0.538462 -inf
32.410256 0.641026 -inf
32.410256 0.743590 -inf
32.410256 0.846154 -inf
32.410256 0.948718 -inf
32.410256 1.051282 -inf
32.410256 1.153846 -inf
32.410256 1.256410 -inf
32.410256 1.358974 -inf
32.410256 1.461538 -inf
32.410256 1.564103 -inf
32.410256 1.666667 -inf
32.410256 1.769231 -inf
32.410256 1.871795 -inf
32.410256 1.974359 -inf
32.410256 2.076923 -inf
32.410256 2.179487 -inf
32.410256 2.282051 -inf
32.410256 2.384615 -inf
32.410256 2.487179 -inf
32.410256 2.589744 -inf
32.410256 2.692308 -inf
32.410256 2.794872 -inf
32.410256 2.897436 -inf
32.410256 3.000000 -inf
33.666667 -1.000000 -inf
33.666667 -0.897436 -inf
33.666667 -0.794872 -inf
33.666667 -0.692308 -inf
33.666667 -0.589744 -inf
33.666667 -0.487179 -inf
33.666667 -0.384615 -inf
33.666667 -0.282051 -inf
33.666667 -0.179487 -inf
33.666667 -0.076923 -inf
33.666667 0.025641 -inf
33.666667 0.128205 -inf
33.666667 0.230769 -inf
33.666667 0.333333 -inf
33.666667 0.435897 -inf
33.666667 0.538462 -inf
33.666667 0.641026 -inf
33.666667 0.743590 -inf
33.666667 0.846154 -inf
33.666667 0.948718 -inf
33.666667 1.051282 -inf
33.666667 1.153846 -inf
33.666667 1.256410 -inf
33.666667 1.358974 -inf
33.666667 1.461538 -inf
33.666667 1.564103 -inf
33.666667 1.666667 -inf
33.666667 1.769231 -inf
33.666667 1.871795 -inf
33.666667 1.974359 -inf
33.666667 2.076923 -inf
33.666667 2.179487 -inf
33.666667 2.282051 -inf
33.666667 2.384615 -inf
33.666667 2.487179 -inf
33.666667 2.589744 -inf
33.666667 2.692308 -inf
33.666667 2.794872 -inf
33.666667 2.897436 -inf
33.666667 3.000000 -inf
34.923077 -1.000000 -inf
34.923077 -0.897436 -inf
34.923077 -0.794872 -inf
34.923077 -0.692308 -inf
34.923077 -0.589744 -inf
34.923077 -0.487179 -inf
34.923077 -0.384615 -inf
34.923077 -0.282051 -inf
34.923077 -0.179487 -inf
34.923077 -0.076923 -inf
34.923077 0.025641 -inf
34.923077 0.128205 -inf
34.923077 0.230769 -inf
34.923077 0.333333 -inf
34.923077 0.435897 -inf
34.923077 0.538462 -inf
34.923077 0.641026 -inf
34.923077 0.743590 -inf
34.923077 0.846154 -inf
34.923077 0.948718 -inf
34.923077 1.051282 -inf
34.923077 1.153846 -inf
34.923077 1.256410 -inf
34.923077 1.358974 -inf
34.923077 1.461538 -inf
34.923077 1.564103 -inf
34.923077 1.666667 -inf
34.923077 1.769231 -inf
34.923077 1.871795 -inf
34.923077 1.974359 -inf
34.923077 2.076923 -inf
34.923077 2.179487 -inf
34.923077 2.282051 -inf
34.923077 2.384615 -inf
34.923077 2.487179 -inf
34.923077 2.589744 -inf
34.923077 2.692308 -inf
34.923077 2.794872 -inf
34.923077 2.897436 -inf
34.923077 3.000000 -inf
36.179487 -1.000000 -inf
36.179487 -0.897436 -inf
36.179487 -0.794872 -inf
36.179487 -0.692308 -inf
36.179487 -0.589744 -inf
36.179487 -0.487179 -inf
36.179487 -0.384615 -inf
36.179487 -0.282051 -inf
36.179487 -0.179487 -inf
36.179487 -0.076923 -inf
36.179487 0.025641 -inf
36.179487 0.128205 -inf
36.179487 0.230769 -inf
36.179487 0.333333 -inf
36.179487 0.435897 -inf
36.179487 0.538462 -inf
36.179487 0.641026 -inf
36.179487 0.743590 -inf
36.179487 0.846154 -inf
36.179487 0.948718 -inf
36.179487 1.051282 -inf
36.179487 1.153846 -inf
36.179487 1.256410 -inf
36.179487 1.358974 -inf
36.179487 1.461538 -inf
36.179487 1.564103 -inf
36.179487 1.666667 -inf
36.179487 1.769231 -inf
36.179487 1.871795 -inf
36.179487 1.974359 -inf
36.179487 2.076923 -inf
36.179487 2.179487 -inf
36.179487 2.282051 -inf
36.179487 2.384615 -inf
36.179487 2.487179 -inf
36.179487 2.589744 -inf
36.179487 2.692308 -inf
36.179487 2.794872 -inf
36.179487 2.897436 -inf
36.179487 3.000000 -inf
37.435897 -1.000000 -inf
37.435897 -0.897436 -inf
37.435897 -0.794872 -inf
37.435897 -0.692308 -inf
37.435897 -0.589744 -inf
37.435897 -0.487179 -inf
37.435897 -0.384615 -inf
37.435897 -0.282051 -inf
37.435897 -0.179487 -inf
37.435897 -0.076923 -inf
37.435897 0.025641 -inf
37.435897 0.128205 -inf
37.435897 0.230769 -inf
37.435897 0.333333 -inf
37.435897 0.435897 -inf
37.435897 0.538462 -inf
37.435897 0.641026 -inf
37.435897 0.743590 -inf
37.435897 0.846154 -inf
37.435897 0.948718 -inf
37.435897 1.051282 -inf
37.435897 1.153846 -inf
37.435897 1.256410 -inf
37.435897 1.358974 -inf
37.435897 1.461538 -inf
37.435897 1.564103 -inf
37.435897 1.666667 -inf
37.435897 1.769231 -inf
37.435897 1.871795 -inf
37.435897 1.974359 -inf
37.435897 2.076923 -inf
37.435897 2.179487 -inf
37.435897 2.282051 -inf
37.435897 2.384615 -inf
37.435897 2.487179 -inf
37.435897 2.589744 -inf
37.435897 2.692308 -inf
37.435897 2.794872 -inf
37.435897 2.897436 -inf
37.435897 3.000000 -inf
38.692308 -1.000000 -inf
38.692308 -0.897436 -inf
38.692308 -0.794872 -inf
38.692308 -0.692308 -inf
38.692308 -0.589744 -inf
38.692308 -0.487179 -inf
38.692308 -0.384615 -inf
38.692308 -0.282051 -inf
38.692308 -0.179487 -inf
38.692308 -0.076923 -inf
38.692308 0.025641 -inf
38.692308 0.128205 -inf
38.692308 0.230769 -inf
38.692308 0.333333 -inf
38.692308 0.435897 -inf
38.692308 0.538462 -inf
38.692308 0.641026 -inf
38.692308 0.743590 -inf
38.692308 0.846154 -inf
38.692308 0.948718 -inf
38.692308 1.051282 -inf
38.692308 1.153846 -inf
38.692308 1.256410 -inf
38.692308 1.358974 -inf
38.692308 1.461538 -inf
38.692308 1.564103 -inf
38.692308 1.666667 -inf
38.692308 1.769231 -inf
38.692308 1.871795 -inf
38.692308 1.974359 -inf
38.692308 2.076923 -inf
38.692308 2.179487 -inf
38.692308 2.282051 -inf
38.692308 2.384615 -inf
38.692308 2.487179 -inf
38.692308 2.589744 -inf
38.692308 2.692308 -inf
38.692308 2.794872 -inf
38.692308 2.897436 -inf
38.692308 3.000000 -inf
39.948718 -1.000000 -inf
39.948718 -0.897436 -inf
39.948718 -0.794872 -inf
39.948718 -0.692308 -inf
39.948718 -0.589744 -inf
39.948718 -0.487179 -inf
39.948718 -0.384615 -inf
39.948718 -0.282051 -inf
39.948718 -0.179487 -inf
39.948718 -0.076923 -inf
39.948718 0.025641 -inf
39.948718 0.128205 -inf
39.948718 0.230769 -inf
39.948718 0.333333 -inf
39.948718 0.435897 -inf
39.948718 0.538462 -inf
39.948718 0.641026 -inf
39.948718 0.743590 -inf
39.948718 0.846154 -inf
39.948718 0.948718 -inf
39.948718 1.051282 -inf
39.948718 1.153846 -inf
39.948718 1.256410 -inf
39.948718 1.358974 -inf
39.948718 1.461538 -inf
39.948718 1.564103 -inf
39.948718 1.666667 -inf
39.948718 1.769231 -inf
39.948718 1.871795 -inf
39.948718 1.974359 -inf
39.948718 2.076923 -inf
39.948718 2.179487 -inf
39.948718 2.282051 -inf
39.948718 2.384615 -inf
39.948718 2.487179 -inf
39.948718 2.589744 -inf
39.948718 2.692308 -inf
39.948718 2.794872 -inf
39.948718 2.897436 -inf
39.948718 3.000000 -inf
41.205128 -1.000000 -inf
41.205128 -0.897436 -inf
41.205128 -0.794872 -inf
41.205128 -0.692308 -inf
41.205128 -0.589744 -inf
41.205128 -0.487179 -inf
41.205128 -0.384615 -inf
41.205128 -0.282051 -inf
41.205128 -0.179487 -inf
41.205128 -0.076923 -inf
41.205128 0.025641 -inf
41.205128 0.128205 -inf
41.205128 0.230769 -inf
41.205128 0.333333 -inf
41.205128 0.435897 -inf
41.205128 0.538462 -inf
41.205128 0.641026 -inf
41.205128 0.743590 -inf
41.205128 0.846154 -inf
41.205128 0.948718 -inf
41.205128 1.051282 -inf
41.205128 1.153846 -inf
41.205128 1.256410 -inf
41.205128 1.358974 -inf
41.205128 1.461538 -inf
41.205128 1.564103 -inf
41.205128 1.666667 -inf
41.205128 1.769231 -inf
41.205128 1.871795 -inf
41.205128 1.974359 -inf
41.205128 2.076923 -inf
41.205128 2.179487 -inf
41.205128 2.282051 -inf
41.205128 2.384615 -inf
41.205128 2.487179 -inf
41.205128 2.589744 -inf
41.205128 2.692308 -inf
41.205128 2.794872 -inf
41.205128 2.897436 -inf
41.205128 3.000000 -inf
42.461538 -1.000000 -inf
42.461538 -0.897436 -inf
42.461538 -0.794872 -inf
42.461538 -0.692308 -inf
42.461538 -0.589744 -inf
42.461538 -0.487179 -inf
42.461538 -0.384615 -inf
42.461538 -0.282051 -inf
42.461538 -0.179487 -inf
42.461538 -0.076923 -inf
42.461538 0.025641 -inf
42.461538 0.128205 -inf
42.461538 0.230769 -inf
42.461538 0.333333 -inf
42.461538 0.435897 -inf
42.461538 0.538462 -inf
42.461538 0.641026 -inf
42.461538 0.743590 -inf
42.461538 0.846154 -inf
42.461538 0.948718 -inf
42.461538 1.051282 -inf
42.461538 1.153846 -inf
42.461538 1.256410 -inf
42.461538 1.358974 -inf
42.461538 1.461538 -inf
42.461538 1.564103 -inf
42.461538 1.666667 -inf
42.461538 1.769231 -inf
42.461538 1.871795 -inf
42.461538 1.974359 -inf
42.461538 2.076923 -inf
42.461538 2.179487 -inf
42.461538 2.282051 -inf
42.461538 2.384615 -inf
42.461538 2.487179 -inf
42.461538 2.589744 -inf
42.461538 2.692308 -inf
42.461538 2.794872 -inf
42.461538 2.897436 -inf
42.461538 3.000000 -inf
43.717949 -1.000000 -inf
43.717949 -0.897436 -inf
43.717949 -0.794872 -inf
43.717949 -0.692308 -inf
43.717949 -0.589744 -inf
43.717949 -0.487179 -inf
43.717949 -0.384615 -inf
43.717949 -0.282051 -inf
43.717949 -0.179487 -inf
43.717949 -0.076923 -inf
43.717949 0.025641 -inf
43.717949 0.128205 -inf
43.717949 0.230769 -inf
43.717949 0.333333 -inf
43.717949 0.435897 -inf
43.717949 0.538462 -inf
43.717949 0.641026 -inf
43.717949 0.743590 -inf
43.717949 0.846154 -inf
43.717949 0.948718 -inf
43.717949 1.051282 -inf
43.717949 1.153846 -inf
43.717949 1.256410 -inf
43.717949 1.358974 -inf
43.717949 1.461538 -inf
43.717949 1.564103 -inf
43.717949 1.666667 -inf
43.717949 1.769231 -inf
43.717949 1.871795 -inf
43.717949 1.974359 -inf
43.717949 2.076923 -inf
43.717949 2.179487 -inf
43.717949 2.282051 -inf
43.717949 2.384615 -inf
43.717949 2.487179 -inf
43.717949 2.589744 -inf
43.717949 2.692308 -inf
43.717949 2.794872 -inf
43.717949 2.897436 -inf
43.717949 3.000000 -inf
44.974359 -1.000000 -inf
44.974359 -0.897436 -inf
44.974359 -0.794872 -inf
44.974359 -0.692308 -inf
44.974359 -0.589744 -inf
44.974359 -0.487179 -inf
44.974359 -0.384615 -inf
44.974359 -0.282051 -inf
44.974359 -0.179487 -inf
44.974359 -0.076923 -inf
44.974359 0.025641 -inf
44.974359 0.128205 -inf
44.974359 0.230769 -inf
44.974359 0.333333 -inf
44.974359 0.435897 -inf
44.974359 0.538462 -inf
44.974359 0.641026 -inf
44.974359 0.743590 -inf
44.974359 0.846154 -inf
44.974359 0.948718 -inf
44.974359 1.051282 -inf
44.974359 1.153846 -inf
44.974359 1.256410 -inf
44.974359 1.358974 -inf
44.974359 1.461538 -inf
44.974359 1.564103 -inf
44.974359 1.666667 -inf
44.974359 1.769231 -inf
44.974359 1.871795 -inf
44.974359 1.974359 -inf
44.974359 2.076923 -inf
44.974359 2.179487 -inf
44.974359 2.282051 -inf
44.974359 2.384615 -inf
44.974359 2.487179 -inf
44.974359 2.589744 -inf
44.974359 2.692308 -inf
44.974359 2.794872 -inf
44.974359 2.897436 -inf
44.974359 3.000000 -inf
46.230769 -1.000000 -inf
46.230769 -0.897436 -inf
46.230769 -0.794872 -inf
46.230769 -0.692308 -inf
46.230769 -0.589744 -inf
46.230769 -0.487179 -inf
46.230769 -0.384615 -inf
46.230769 -0.282051 -inf
46.230769 -0.179487 -inf
46.230769 -0.076923 -inf
46.230769 0.025641 -inf
46.230769 0.128205 -inf
46.230769 0.230769 -inf
46.230769 0.333333 -inf
46.230769 0.435897 -inf
46.230769 0.538462 -inf
46.230769 0.641026 -inf
46.230769 0.743590 -inf
46.230769 0.846154 -inf
46.230769 0.948718 -inf
46.230769 1.051282 -inf
46.230769 1.153846 -inf
46.230769 1.256410 -inf
46.230769 1.358974 -inf
46.230769 1.461538 -inf
46.230769 1.564103 -inf
46.230769 1.666667 -inf
46.230769 1.769231 -inf
46.230769 1.871795 -inf
46.230769 1.974359 -inf
46.230769 2.076923 -inf
46.230769 2.179487 -inf
46.230769 2.282051 -inf
46.230769 2.384615 -inf
46.230769 2.487179 -inf
46.230769 2.589744 -inf
46.230769 2.692308 -inf
46.230769 2.794872 -inf
46.230769 2.897436 -inf
46.230769 3.000000 -inf
47.487179 -1.000000 -inf
47.487179 -0.897436 -inf
47.487179 -0.794872 -inf
47.487179 -0.692308 -inf
47.487179 -0.589744 -inf
47.487179 -0.487179 -inf
47.487179 -0.384615 -inf
47.487179 -0.282051 -inf
47.487179 -0.179487 -inf
47.487179 -0.076923 -inf
47.487179 0.025641 -inf
47.487179 0.128205 -inf
47.487179 0.230769 -inf
47.487179 0.333333 -inf
47.487179 0.435897 -inf
47.487179 0.538462 -inf
47.487179 0.641026 -inf
47.487179 0.743590 -inf
47.487179 0.846154 -inf
47.487179 0.948718 -inf
47.487179 1.051282 -inf
47.487179 1.153846 -inf
47.487179 1.256410 -inf
47.487179 1.358974 -inf
47.487179 1.461538 -inf
47.487179 1.564103 -inf
47.487179 1.666667 -inf
47.487179 1.769231 -inf
47.487179 1.871795 -inf
47.487179 1.974359 -inf
47.487179 2.076923 -inf
47.487179 2.179487 -inf
47.487179 2.282051 -inf
47.487179 2.384615 -inf
47.487179 2.487179 -inf
47.487179 2.589744 -inf
47.487179 2.692308 -inf
47.487179 2.794872 -inf
47.487179 2.897436 -inf
47.487179 3.000000 -inf
48.743590 -1.000000 -inf
48.743590 -0.897436 -inf
48.743590 -0.794872 -inf
48.743590 -0.692308 -inf
48.743590 -0.589744 -inf
48.743590 -0.487179 -inf
48.743590 -0.384615 -inf
48.743590 -0.282051 -inf
48.743590 -0.179487 -inf
48.743590 -0.076923 -inf
48.743590 0.025641 -inf
48.743590 0.128205 -inf
48.743590 0.230769 -inf
48.743590 0.333333 -inf
48.743590 0.435897 -inf
48.743590 0.538462 -inf
48.743590 0.641026 -inf
48.743590 0.743590 -inf
48.743590 0.846154 -inf
48.743590 0.948718 -inf
48.743590 1.051282 -inf
48.743590 1.153846 -inf
48.743590 1.256410 -inf
48.743590 1.358974 -inf
48.743590 1.461538 -inf
48.743590 1.564103 -inf
48.743590 1.666667 -inf
48.743590 1.769231 -inf
48.743590 1.871795 -inf
48.743590 1.974359 -inf
48.743590 2.076923 -inf
48.743590 2.179487 -inf
48.743590 2.282051 -inf
48.743590 2.384615 -inf
48.743590 2.487179 -inf
48.743590 2.589744 -inf
48.743590 2.692308 -inf
48.743590 2.794872 -inf
48.743590 2.897436 -inf
48.743590 3.000000 -inf
50.000000 -1.000000 -inf
50.000000 -0.897436 -inf
50.000000 -0.794872 -inf
50.000000 -0.692308 -inf
50.000000 -0.589744 -inf
50.000000 -0.487179 -inf
50.000000 -0.384615 -inf
50.000000 -0.282051 -inf
50.000000 -0.179487 -inf
50.000000 -0.076923 -inf
50.000000 0.025641 -inf
50.000000 0.128205 -inf
50.000000 0.230769 -inf
50.000000 0.333333 -inf
50.000000 0.435897 -inf
50.000000 0.538462 -inf
50.000000 0.641026 -inf
50.000000 0.743590 -inf
50.000000 0.846154 -inf
50.000000 0.948718 -inf
50.000000 1.051282 -inf
50.000000 1.153846 -inf
50.000000 1.256410 -inf
50.000000 1.358974 -inf
50.000000 1.461538 -inf
50.000000 1.564103 -inf
50.000000 1.666667 -inf
50.000000 1.769231 -inf
50.000000 1.871795 -inf
50.000000 1.974359 -inf
50.000000 2.076923 -inf
50.000000 2.179487 -inf
50.000000 2.282051 -inf
50.000000 2.384615 -inf
50.000000 2.487179 -inf
50.000000 2.589744 -inf
50.000000 2.692308 -inf
50.000000 2.794872 -inf
50.000000 2.897436 -inf
50.000000 3.000000 -inf
1.000000 -1.000000 -inf
1.000000 -1.000000 -inf
1.000000 -0.897436 -inf
1.000000 -1.000000 -inf
1.000000 -1.000000 -1973.171731
1.000000 -0.897436 -1972.263608
1.000000 -0.794872 -1971.315483
1.000000 -0.692308 -1970.324809
1.000000 -0.589744 -1969.288832
1.000000 -0.487179 -1968.204573
1.000000 -0.384615 -1967.068806
1.000000 -0.282051 -1965.878034
1.000000 -0.179487 -1964.628459
1.000000 -0.076923 -1963.315955
1.000000 0.025641 -1961.936030
1.000000 0.128205 -1960.483793
1.000000 0.230769 -1958.953905
1.000000 0.333333 -1957.340535
1.000000 0.435897 -1955.637308
1.000000 0.538462 -1953.837238
1.000000 0.641026 -1951.932669
1.000000 0.743590 -1949.915194
1.000000 0.846154 -1947.775569
1.000000 0.948718 -1945.503622
1.000000 1.051282 -1943.088140
1.000000 1.153846 -1940.516754
1.000000 1.256410 -1937.775798
1.000000 1.358974 -1934.850161
1.000000 1.461538 -1931.723117
1.000000 1.564103 -1928.376129
1.000000 1.666667 -1924.788644
1.000000 1.769231 -1920.937852
1.000000 1.871795 -1916.798426
1.000000 1.974359 -1912.342228
1.000000 2.076923 -1907.537995
1.000000 2.179487 -1902.350988
1.000000 2.282051 -1896.742613
1.000000 2.384615 -1890.670017
1.000000 2.487179 -1884.085654
1.000000 2.589744 -1876.936832
1.000000 2.692308 -1869.165250
1.000000 2.794872 -1860.706529
1.000000 -1.000000 -9805.670697
1.000000 -0.897436 -9804.785649
1.000000 -0.794872 -9803.862490
1.000000 -0.692308 -9802.898873
1.000000 -0.589744 -9801.892273
1.000000 -0.487179 -9800.839969
1.000000 -1.000000 -9805.670697
1.000000 -0.897436 -9804.785649
1.000000 -0.794872 -9803.862490
1.000000 -0.692308 -9802.898873
1.000000 -0.589744 -9801.892273
1.000000 -0.487179 -9800.839969
1.000000 -0.384615 -9799.739027
1.000000 -0.282051 -9798.586280
1.000000 -0.179487 -9797.378306
1.000000 -0.076923 -9796.111405
1.000000 0.025641 -9794.781573
1.000000 0.128205 -9793.384471
1.000000 0.230769 -9791.915397
1.000000 0.333333 -9790.369246
1.000000 0.435897 -9788.740475
1.000000 0.538462 -9787.023058
1.000000 0.641026 -9785.210441
1.000000 0.743590 -9783.295486
1.000000 0.846154 -9781.270420
1.000000 0.948718 -9779.126768
1.000000 1.051282 -9776.855288
1.000000 1.153846 -9774.445895
1.000000 1.256410 -9771.887581
1.000000 1.358974 -9769.168330
1.000000 1.461538 -9766.275024
1.000000 1.564103 -9763.193345
1.000000 1.666667 -9759.907672
1.000000 1.769231 -9756.400976
1.000000 1.871795 -9752.654708
1.000000 1.974359 -9748.648699
1.000000 2.076923 -9744.361056
1.000000 2.179487 -9739.768073
1.000000 2.282051 -9734.844166
1.000000 2.384615 -9729.561833
1.000000 2.487179 -9723.891658
1.000000 2.589744 -9717.802377
1.000000 2.692308 -9711.261031
1.000000 2.794872 -9704.233215
1.000000 2.897436 -9696.683489
1.000000 3.000000 -9688.575949
2.256410 -1.000000 -9623.164948
2.256410 -0.897436 -9620.123603
2.256410 -0.794872 -9616.997905
2.256410 -0.692308 -9613.782872
2.256410 -0.589744 -9610.473154
2.256410 -0.487179 -9607.062998
2.256410 -0.384615 -9603.546223
2.256410 -0.282051 -9599.916176
2.256410 -0.179487 -9596.165699
2.256410 -0.076923 -9592.287088
2.256410 0.025641 -9588.272053
2.256410 0.128205 -9584.111674
2.256410 0.230769 -9579.796361
2.256410 0.333333 -9575.315806
2.256410 0.435897 -9570.658950
2.256410 0.538462 -9565.813939
2.256410 0.641026 -9560.768096
2.256410 0.743590 -9555.507896
2.256410 0.846154 -9550.018956
2.256410 0.948718 -9544.286038
2.256410 1.051282 -9538.293074
2.256410 1.153846 -9532.023221
2.256410 1.256410 -9525.458946
2.256410 1.358974 -9518.582161
2.256410 1.461538 -9511.374406
2.256410 1.564103 -9503.817096
2.256410 1.666667 -9495.891855
2.256410 1.769231 -9487.580924
2.256410 1.871795 -9478.867687
2.256410 1.974359 -9469.737310
2.256410 2.076923 -9460.177513
2.256410 2.179487 -9450.179490
2.256410 2.282051 -9439.738994
2.256410 2.384615 -9428.857591
2.256410 2.487179 -9417.544099
2.256410 2.589744 -9405.816227
2.256410 2.692308 -9393.702400
2.256410 2.794872 -9381.243787
2.256410 2.897436 -9368.496505
2.256410 3.000000 -9355.533987
3.512821 -1.000000 -9458.840924
3.512821 -0.897436 -9454.135543
3.512821 -0.794872 -9449.379244
3.512821 -0.692308 -9444.565903
3.512821 -0.589744 -9439.688930
3.512821 -0.487179 -9434.741233
3.512821 -0.384615 -9429.715180
3.512821 -0.282051 -9424.602576
3.512821 -0.179487 -9419.394632
3.512821 -0.076923 -9414.081950
3.512821 0.025641 -9408.654506
3.512821 0.128205 -9403.101661
3.512821 0.230769 -9397.412166
3.512821 0.333333 -9391.574209
3.512821 0.435897 -9385.575466
3.512821 0.538462 -9379.403195
3.512821 0.641026 -9373.044357
3.512821 0.743590 -9366.485782
3.512821 0.846154 -9359.714382
3.512821 0.948718 -9352.717414
3.512821 1.051282 -9345.482807
3.512821 1.153846 -9337.999552
3.512821 1.256410 -9330.258165
3.512821 1.358974 -9322.251223
3.512821 1.461538 -9313.973975
3.512821 1.564103 -9305.425036
3.512821 1.666667 -9296.607165
3.512821 1.769231 -9287.528117
3.512821 1.871795 -9278.201598
3.512821 1.974359 -9268.648294
3.512821 2.076923 -9258.897012
3.512821 2.179487 -9248.985909
3.512821 2.282051 -9238.963831
3.512821 2.384615 -9228.891750
3.512821 2.487179 -9218.844286
3.512821 2.589744 -9208.911300
3.512821 2.692308 -9199.199531
3.512821 2.794872 -9189.834261
3.512821 2.897436 -9180.961023
3.512821 3.000000 -9172.747374
4.769231 -1.000000 -9341.342611
4.769231 -0.897436 -9335.660450
4.769231 -0.794872 -9329.982712
4.769231 -0.692308 -9324.300485
4.769231 -0.589744 -9318.604437
4.769231 -0.487179 -9312.884808
4.769231 -0.384615 -9307.131414
4.769231 -0.282051 -9301.333659
4.769231 -0.179487 -9295.480574
4.769231 -0.076923 -9289.560874
4.769231 0.025641 -9283.563041
4.769231 0.128205 -9277.475438
4.769231 0.230769 -9271.286456
4.769231 0.333333 -9264.984706
4.769231 0.435897 -9258.559241
4.769231 0.538462 -9251.999836
4.769231 0.641026 -9245.297305
4.769231 0.743590 -9238.443871
4.769231 0.846154 -9231.433586
4.769231 0.948718 -9224.262793
4.769231 1.051282 -9216.930636
4.769231 1.153846 -9209.439618
4.769231 1.256410 -9201.796191
4.769231 1.358974 -9194.011398
4.769231 1.461538 -9186.101557
4.769231 1.564103 -9178.088988
4.769231 1.666667 -9170.002816
4.769231 1.769231 -9161.879819
4.769231 1.871795 -9153.765379
4.769231 1.974359 -9145.714495
4.769231 2.076923 -9137.792888
4.769231 2.179487 -9130.078168
4.769231 2.282051 -9122.661052
4.769231 2.384615 -9115.646590
4.769231 2.487179 -9109.155410
4.769231 2.589744 -9103.324975
4.769231 2.692308 -9098.310907
4.769231 2.794872 -9094.288477
4.769231 2.897436 -9091.454356
4.769231 3.000000 -9090.028696
6.025641 -1.000000 -9258.371747
6.025641 -0.897436 -9252.171220
6.025641 -0.794872 -9246.011508
6.025641 -0.692308 -9239.881029
6.025641 -0.589744 -9233.768097
6.025641 -0.487179 -9227.660961
6.025641 -0.384615 -9221.547876
6.025641 -0.282051 -9215.417195
6.025641 -0.179487 -9209.257495
6.025641 -0.076923 -9203.057735
6.025641 0.025641 -9196.807457
6.025641 0.128205 -9190.497013
6.025641 0.230769 -9184.117836
6.025641 0.333333 -9177.662744
6.025641 0.435897 -9171.126283
6.025641 0.538462 -9164.505094
6.025641 0.641026 -9157.798316
6.025641 0.743590 -9151.008005
6.025641 0.846154 -9144.139588
6.025641 0.948718 -9137.202322
6.025641 1.051282 -9130.209787
6.025641 1.153846 -9123.180395
6.025641 1.256410 -9116.137936
6.025641 1.358974 -9109.112163
6.025641 1.461538 -9102.139436
6.025641 1.564103 -9095.263425
6.025641 1.666667 -9088.535896
6.025641 1.769231 -9082.017573
6.025641 1.871795 -9075.779067
6.025641 1.974359 -9069.901851
6.025641 2.076923 -9064.479259
6.025641 2.179487 -9059.617483
6.025641 2.282051 -9055.436551
6.025641 2.384615 -9052.071332
6.025641 2.487179 -9049.672631
6.025641 2.589744 -9048.408478
6.025641 2.692308 -9048.465743
6.025641 2.794872 -9050.052117
6.025641 2.897436 -9053.398417
6.025641 3.000000 -9058.760978
7.282051 -1.000000 -9197.772554
7.282051 -0.897436 -9191.290039
7.282051 -0.794872 -9184.864516
7.282051 -0.692308 -9178.483479
7.282051 -0.589744 -9172.134789
7.282051 -0.487179 -9165.806789
7.282051 -0.384615 -9159.488438
7.282051 -0.282051 -9153.169491
7.282051 -0.179487 -9146.840708
7.282051 -0.076923 -9140.494089
7.282051 0.025641 -9134.123144
7.282051 0.128205 -9127.723188
7.282051 0.230769 -9121.291655
7.282051 0.333333 -9114.828428
7.282051 0.435897 -9108.336188
7.282051 0.538462 -9101.820768
7.282051 0.641026 -9095.291521
7.282051 0.743590 -9088.761692
7.282051 0.846154 -9082.248806
7.282051 0.948718 -9075.775069
7.282051 1.051282 -9069.367801
7.282051 1.153846 -9063.059902
7.282051 1.256410 -9056.890370
7.282051 1.358974 -9050.904885
7.282051 1.461538 -9045.156460
7.282051 1.564103 -9039.706174
7.282051 1.666667 -9034.623955
7.282051 1.769231 -9029.989418
7.282051 1.871795 -9025.892701
7.282051 1.974359 -9022.435299
7.282051 2.076923 -9019.730864
7.282051 2.179487 -9017.906019
7.282051 2.282051 -9017.101241
7.282051 2.384615 -9017.471940
7.282051 2.487179 -9019.189853
7.282051 2.589744 -9022.444839
7.282051 2.692308 -9027.447036
7.282051 2.794872 -9034.429213
7.282051 2.897436 -9043.648947
7.282051 3.000000 -9055.390213
8.538462 -1.000000 -9151.872587
8.538462 -0.897436 -9145.211327
8.538462 -0.794872 -9138.613471
8.538462 -0.692308 -9132.067396
8.538462 -0.589744 -9125.562381
8.538462 -0.487179 -9119.088780
8.538462 -0.384615 -9112.638230
8.538462 -0.282051 -9106.203877
8.538462 -0.179487 -9099.780630
8.538462 -0.076923 -9093.365427
8.538462 0.025641 -9086.957520
8.538462 0.128205 -9080.558756
8.538462 0.230769 -9074.173877
8.538462 0.333333 -9067.810812
8.538462 0.435897 -9061.480978
8.538462 0.538462 -9055.199581
8.538462 0.641026 -9048.985924
8.538462 0.743590 -9042.863729
8.538462 0.846154 -9036.861476
8.538462 0.948718 -9031.012772
8.538462 1.051282 -9025.356771
8.538462 1.153846 -9019.938633
8.538462 1.256410 -9014.810069
8.538462 1.358974 -9010.029938
8.538462 1.461538 -9005.664917
8.538462 1.564103 -9001.790215
8.538462 1.666667 -8998.490303
8.538462 1.769231 -8995.859629
8.538462 1.871795 -8994.003304
8.538462 1.974359 -8993.037767
8.538462 2.076923 -8993.091483
8.538462 2.179487 -8994.305785
8.538462 2.282051 -8996.835983
8.538462 2.384615 -9000.852868
8.538462 2.487179 -9006.544634
8.538462 2.589744 -9014.119119
8.538462 2.692308 -9023.806099
8.538462 2.794872 -9035.859226
8.538462 2.897436 -9050.557198
8.538462 3.000000 -9068.203880
9.794872 -1.000000 -9115.954624
9.794872 -0.897436 -9109.160573
9.794872 -0.794872 -9102.434894
9.794872 -0.692308 -9095.768099
9.794872 -0.589744 -9089.152137
9.794872 -0.487179 -9082.580615
9.794872 -0.384615 -9076.049027
9.794872 -0.282051 -9069.555006
9.794872 -0.179487 -9063.098565
9.794872 -0.076923 -9056.682359
9.794872 0.025641 -9050.311929
9.794872 0.128205 -9043.995956
9.794872 0.230769 -9037.746510
9.794872 0.333333 -9031.579303
9.794872 0.435897 -9025.513936
9.794872 0.538462 -9019.574163
9.794872 0.641026 -9013.788160
9.794872 0.743590 -9008.188817
9.794872 0.846154 -9002.814061
9.794872 0.948718 -8997.707222
9.794872 1.051282 -8992.917449
9.794872 1.153846 -8988.500202
9.794872 1.256410 -8984.517802
9.794872 1.358974 -8981.040039
9.794872 1.461538 -8978.144812
9.794872 1.564103 -8975.918773
9.794872 1.666667 -8974.457940
9.794872 1.769231 -8973.868265
9.794872 1.871795 -8974.266199
9.794872 1.974359 -8975.779313
9.794872 2.076923 -8978.547110
9.794872 2.179487 -8982.722156
9.794872 2.282051 -8988.471651
9.794872 2.384615 -8995.979413
9.794872 2.487179 -9005.448147
9.794872 2.589744 -9017.101666
9.794872 2.692308 -9031.186657
9.794872 2.794872 -9047.973604
9.794872 2.897436 -9067.756647
9.794872 3.000000 -9090.852430
11.051282 -1.000000 -9087.038634
11.051282 -0.897436 -9080.141683
11.051282 -0.794872 -9073.320666
11.051282 -0.692308 -9066.568924
11.051282 -0.589744 -9059.881736
11.051282 -0.487179 -9053.256545
11.051282 -0.384615 -9046.693188
11.051282 -0.282051 -9040.194124
11.051282 -0.179487 -9033.764654
11.051282 -0.076923 -9027.413143
11.051282 0.025641 -9021.151231
11.051282 0.128205 -9014.994048
11.051282 0.230769 -9008.960431
11.051282 0.333333 -9003.073136
11.051282 0.435897 -8997.359064
11.051282 0.538462 -8991.849489
11.051282 0.641026 -8986.580303
11.051282 0.743590 -8981.592297
11.051282 0.846154 -8976.931470
11.051282 0.948718 -8972.649406
11.051282 1.051282 -8968.803707
11.051282 1.153846 -8965.458498
11.051282 1.256410 -8962.684984
11.051282 1.358974 -8960.562027
11.051282 1.461538 -8959.176722
11.051282 1.564103 -8958.624928
11.051282 1.666667 -8959.011750
11.051282 1.769231 -8960.452019
11.051282 1.871795 -8963.070841
11.051282 1.974359 -8967.004369
11.051282 2.076923 -8972.400927
11.051282 2.179487 -8979.422586
11.051282 2.282051 -8988.247176
11.051282 2.384615 -8999.070540
11.051282 2.487179 -9012.108720
11.051282 2.589744 -9027.599636
11.051282 2.692308 -9045.803914
11.051282 2.794872 -9067.004666
11.051282 2.897436 -9091.506318
11.051282 3.000000 -9119.632803
12.307692 -1.000000 -9063.192963
12.307692 -0.897436 -9056.222919
12.307692 -0.794872 -9049.340056
12.307692 -0.692308 -9042.540840
12.307692 -0.589744 -9035.824107
12.307692 -0.487179 -9029.191271
12.307692 -0.384615 -9022.646532
12.307692 -0.282051 -9016.197069
12.307692 -0.179487 -9009.853230
12.307692 -0.076923 -9003.628723
12.307692 0.025641 -8997.540803
12.307692 0.128205 -8991.610458
12.307692 0.230769 -8985.862602
12.307692 0.333333 -8980.326257
12.307692 0.435897 -8975.034753
12.307692 0.538462 -8970.025924
12.307692 0.641026 -8965.342339
12.307692 0.743590 -8961.031565
12.307692 0.846154 -8957.146492
12.307692 0.948718 -8953.745717
12.307692 1.051282 -8950.894010
12.307692 1.153846 -8948.662824
12.307692 1.256410 -8947.130831
12.307692 1.358974 -8946.384441
12.307692 1.461538 -8946.518275
12.307692 1.564103 -8947.635576
12.307692 1.666667 -8949.848613
12.307692 1.769231 -8953.279154
12.307692 1.871795 -8958.059180
12.307692 1.974359 -8964.331951
12.307692 2.076923 -8972.253555
12.307692 2.179487 -8981.994887
12.307692 2.282051 -8993.743903
12.307692 2.384615 -9007.707783
12.307692 2.487179 -9024.114617
12.307692 2.589744 -9043.214251
12.307692 2.692308 -9065.278113
12.307692 2.794872 -9090.598120
12.307692 2.897436 -9119.484983
12.307692 3.000000 -9152.266342
13.564103 -1.000000 -9043.137136
13.564103 -0.897436 -9036.127026
13.564103 -0.794872 -9029.218662
13.564103 -0.692308 -9022.411688
13.564103 -0.589744 -9015.708469
13.564103 -0.487179 -9009.114275
13.564103 -0.384615 -9002.637457
13.564103 -0.282051 -8996.289612
13.564103 -0.179487 -8990.085758
13.564103 -0.076923 -8984.044493
13.564103 0.025641 -8978.188172
13.564103 0.128205 -8972.543065
13.564103 0.230769 -8967.139519
13.564103 0.333333 -8962.012112
13.564103 0.435897 -8957.199812
13.564103 0.538462 -8952.746153
13.564103 0.641026 -8948.699454
13.564103 0.743590 -8945.113086
13.564103 0.846154 -8942.045823
13.564103 0.948718 -8939.562264
13.564103 1.051282 -8937.733309
13.564103 1.153846 -8936.636667
13.564103 1.256410 -8936.357335
13.564103 1.358974 -8936.988025
13.564103 1.461538 -8938.629525
13.564103 1.564103 -8941.391022
13.564103 1.666667 -8945.390506
13.564103 1.769231 -8950.755382
13.564103 1.871795 -8957.623463
13.564103 1.974359 -8966.144431
13.564103 2.076923 -8976.481765
13.564103 2.179487 -8988.814964
13.564103 2.282051 -9003.341726
13.564103 2.384615 -9020.279701
13.564103 2.487179 -9039.867440
13.564103 2.589744 -9062.364361
13.564103 2.692308 -9088.049799
13.564103 2.794872 -9117.221448
13.564103 2.897436 -9150.193619
13.564103 3.000000 -9187.295652
14.820513 -1.000000 -9026.002289
14.820513 -0.897436 -9018.986956
14.820513 -0.794872 -9012.090395
14.820513 -0.692308 -9005.315345
14.820513 -0.589744 -8998.667552
14.820513 -0.487179 -8992.155925
14.820513 -0.384615 -8985.792686
14.820513 -0.282051 -8979.593525
14.820513 -0.179487 -8973.577749
14.820513 -0.076923 -8967.768437
14.820513 0.025641 -8962.192581
14.820513 0.128205 -8956.881216
14.820513 0.230769 -8951.869541
14.820513 0.333333 -8947.197035
14.820513 0.435897 -8942.907582
14.820513 0.538462 -8939.049641
14.820513 0.641026 -8935.676467
14.820513 0.743590 -8932.846423
14.820513 0.846154 -8930.623360
14.820513 0.948718 -8929.077077
14.820513 1.051282 -8928.283798
14.820513 1.153846 -8928.326637
14.820513 1.256410 -8929.295988
14.820513 1.358974 -8931.289841
14.820513 1.461538 -8934.414047
14.820513 1.564103 -8938.782631
14.820513 1.666667 -8944.518302
14.820513 1.769231 -8951.753318
14.820513 1.871795 -8960.630840
14.820513 1.974359 -8971.306763
14.820513 2.076923 -8983.951891
14.820513 2.179487 -8998.754147
14.820513 2.282051 -9015.920424
14.820513 2.384615 -9035.677708
14.820513 2.487179 -9058.273243
14.820513 2.589744 -9083.973795
14.820513 2.692308 -9113.064240
14.820513 2.794872 -9145.845930
14.820513 2.897436 -9182.635202
14.820513 3.000000 -9223.762158
16.076923 -1.000000 -9011.183196
16.076923 -0.897436 -9004.197004
16.076923 -0.794872 -8997.348191
16.076923 -0.692308 -8990.642462
16.076923 -0.589744 -8984.088760
16.076923 -0.487179 -8977.699405
16.076923 -0.384615 -8971.490232
16.076923 -0.282051 -8965.480730
16.076923 -0.179487 -8959.694179
16.076923 -0.076923 -8954.157775
16.076923 0.025641 -8948.902732
16.076923 0.128205 -8943.964375
16.076923 0.230769 -8939.382204
16.076923 0.333333 -8935.199986
16.076923 0.435897 -8931.465863
16.076923 0.538462 -8928.232539
16.076923 0.641026 -8925.557536
16.076923 0.743590 -8923.503559
16.076923 0.846154 -8922.138922
16.076923 0.948718 -8921.538020
16.076923 1.051282 -8921.781770
16.076923 1.153846 -8922.957998
16.076923 1.256410 -8925.161716
16.076923 1.358974 -8928.495335
16.076923 1.461538 -8933.068890
16.076923 1.564103 -8939.000434
16.076923 1.666667 -8946.416762
16.076923 1.769231 -8955.454607
16.076923 1.871795 -8966.262345
16.076923 1.974359 -8979.002098
16.076923 2.076923 -8993.851960
16.076923 2.179487 -9011.007966
16.076923 2.282051 -9030.685418
16.076923 2.384615 -9053.119326
16.076923 2.487179 -9078.563909
16.076923 2.589744 -9107.291384
16.076923 2.692308 -9139.590434
16.076923 2.794872 -9175.764752
16.076923 2.897436 -9216.131920
16.076923 3.000000 -9261.022463
17.333333 -1.000000 -8998.246010
17.333333 -0.897436 -8991.321031
17.333333 -0.794872 -8984.552918
17.333333 -0.692308 -8977.950205
17.333333 -0.589744 -8971.524862
17.333333 -0.487179 -8965.292428
17.333333 -0.384615 -8959.272132
17.333333 -0.282051 -8953.487022
17.333333 -0.179487 -8947.964070
17.333333 -0.076923 -8942.734257
17.333333 0.025641 -8937.832627
17.333333 0.128205 -8933.298324
17.333333 0.230769 -8929.174630
17.333333 0.333333 -8925.509032
17.333333 0.435897 -8922.353354
17.333333 0.538462 -8919.763982
17.333333 0.641026 -8917.802189
17.333333 0.743590 -8916.534545
17.333333 0.846154 -8916.033372
17.333333 0.948718 -8916.377196
17.333333 1.051282 -8917.651115
17.333333 1.153846 -8919.947071
17.333333 1.256410 -8923.364016
17.333333 1.358974 -8928.008062
17.333333 1.461538 -8933.992752
17.333333 1.564103 -8941.439626
17.333333 1.666667 -8950.479231
17.333333 1.769231 -8961.252668
17.333333 1.871795 -8973.913579
17.333333 1.974359 -8988.630369
17.333333 2.076923 -9005.588279
17.333333 2.179487 -9024.990947
17.333333 2.282051 -9047.061136
17.333333 2.384615 -9072.040546
17.333333 2.487179 -9100.188841
17.333333 2.589744 -9131.782233
17.333333 2.692308 -9167.112052
17.333333 2.794872 -9206.483625
17.333333 2.897436 -9250.215488
17.333333 3.000000 -9298.638499
18.589744 -1.000000 -8986.870389
18.589744 -0.897436 -8980.035363
18.589744 -0.794872 -8973.377078
18.589744 -0.692308 -8966.906777
18.589744 -0.589744 -8960.639322
18.589744 -0.487179 -8954.593314
18.589744 -0.384615 -8948.791199
18.589744 -0.282051 -8943.259368
18.589744 -0.179487 -8938.028220
18.589744 -0.076923 -8933.132191
18.589744 0.025641 -8928.609760
18.589744 0.128205 -8924.503439
18.589744 0.230769 -8920.859798
18.589744 0.333333 -8917.729550
18.589744 0.435897 -8915.167728
18.589744 0.538462 -8913.233977
18.589744 0.641026 -8911.992943
18.589744 0.743590 -8911.514720
18.589744 0.846154 -8911.875304
18.589744 0.948718 -8913.156970
18.589744 1.051282 -8915.448544
18.589744 1.153846 -8918.845542
18.589744 1.256410 -8923.450262
18.589744 1.358974 -8929.371935
18.589744 1.461538 -8936.727121
18.589744 1.564103 -8945.640527
18.589744 1.666667 -8956.246347
18.589744 1.769231 -8968.690101
18.589744 1.871795 -8983.130802
18.589744 1.974359 -8999.743117
18.589744 2.076923 -9018.719142
18.589744 2.179487 -9040.269454
18.589744 2.282051 -9064.623263
18.589744 2.384615 -9092.027726
18.589744 2.487179 -9122.746708
18.589744 2.589744 -9157.059372
18.589744 2.692308 -9195.259014
18.589744 2.794872 -9237.652293
18.589744 2.897436 -9284.558658
18.589744 3.000000 -9336.309244
19.846154 -1.000000 -8976.812907
19.846154 -0.897436 -8970.092846
19.846154 -0.794872 -8963.569478
19.846154 -0.692308 -8957.256666
19.846154 -0.589744 -8951.172056
19.846154 -0.487179 -8945.337181
19.846154 -0.384615 -8939.777541
19.846154 -0.282051 -8934.522659
19.846154 -0.179487 -8929.606087
19.846154 -0.076923 -8925.065382
19.846154 0.025641 -8920.942061
19.846154 0.128205 -8917.281576
19.846154 0.230769 -8914.133356
19.846154 0.333333 -8911.550930
19.846154 0.435897 -8909.592185
19.846154 0.538462 -8908.319726
19.846154 0.641026 -8907.801313
19.846154 0.743590 -8908.110324
19.846154 0.846154 -8909.326149
19.846154 0.948718 -8911.534472
19.846154 1.051282 -8914.827414
19.846154 1.153846 -8919.303573
19.846154 1.256410 -8925.068078
19.846154 1.358974 -8932.232823
19.846154 1.461538 -8940.917072
19.846154 1.564103 -8951.248566
19.846154 1.666667 -8963.365177
19.846154 1.769231 -8977.416963
19.846154 1.871795 -8993.568375
19.846154 1.974359 -9012.000211
19.846154 2.076923 -9032.910990
19.846154 2.179487 -9056.517477
19.846154 2.282051 -9083.054341
19.846154 2.384615 -9112.773143
19.846154 2.487179 -9145.941001
19.846154 2.589744 -9182.839351
19.846154 2.692308 -9223.763113
19.846154 2.794872 -9269.020221
19.846154 2.897436 -9318.931077
19.846154 3.000000 -9373.826935
21.102564 -1.000000 -8967.883638
21.102564 -0.897436 -8961.299855
21.102564 -0.794872 -8954.932626
21.102564 -0.692308 -8948.798363
21.102564 -0.589744 -8942.917405
21.102564 -0.487179 -8937.314096
21.102564 -0.384615 -8932.016825
21.102564 -0.282051 -8927.058019
21.102564 -0.179487 -8922.474099
21.102564 -0.076923 -8918.305397
21.102564 0.025641 -8914.596093
21.102564 0.128205 -8911.394199
21.102564 0.230769 -8908.751642
21.102564 0.333333 -8906.724465
21.102564 0.435897 -8905.373160
21.102564 0.538462 -8904.763095
21.102564 0.641026 -8904.964972
21.102564 0.743590 -8906.055254
21.102564 0.846154 -8908.116472
21.102564 0.948718 -8911.237384
21.102564 1.051282 -8915.512992
21.102564 1.153846 -8921.044521
21.102564 1.256410 -8927.939507
21.102564 1.358974 -8936.312184
21.102564 1.461538 -8946.284353
21.102564 1.564103 -8957.986789
21.102564 1.666667 -8971.561151
21.102564 1.769231 -8987.162151
21.102564 1.871795 -9004.959661
21.102564 1.974359 -9025.140364
21.102564 2.076923 -9047.908672
21.102564 2.179487 -9073.486769
21.102564 2.282051 -9102.113901
21.102564 2.384615 -9134.045173
21.102564 2.487179 -9169.550285
21.102564 2.589744 -9208.912555
21.102564 2.692308 -9252.428414
21.102564 2.794872 -9300.407132
21.102564 2.897436 -9353.170067
21.102564 3.000000 -9411.048286
22.358974 -1.000000 -8959.930910
22.358974 -0.897436 -8953.501297
22.358974 -0.794872 -8947.307927
22.358974 -0.692308 -8941.369703
22.358974 -0.589744 -8935.709568
22.358974 -0.487179 -8930.354550
22.358974 -0.384615 -8925.335739
22.358974 -0.282051 -8920.688229
22.358974 -0.179487 -8916.451007
22.358974 -0.076923 -8912.666850
22.358974 0.025641 -8909.382258
22.358974 0.128205 -8906.647485
22.358974 0.230769 -8904.516685
22.358974 0.333333 -8903.048204
22.358974 0.435897 -8902.304985
22.358974 0.538462 -8902.355031
22.358974 0.641026 -8903.271854
22.358974 0.743590 -8905.134821
22.358974 0.846154 -8908.029346
22.358974 0.948718 -8912.046918
22.358974 1.051282 -8917.285023
22.358974 1.153846 -8923.847117
22.358974 1.256410 -8931.842810
22.358974 1.358974 -8941.388479
22.358974 1.461538 -8952.608413
22.358974 1.564103 -8965.636506
22.358974 1.666667 -8980.618332
22.358974 1.769231 -8997.713325
22.358974 1.871795 -9017.096671
22.358974 1.974359 -9038.960594
22.358974 2.076923 -9063.514824
22.358974 2.179487 -9090.986240
22.358974 2.282051 -9121.617902
22.358974 2.384615 -9155.667809
22.358974 2.487179 -9193.407802
22.358974 2.589744 -9235.122897
22.358974 2.692308 -9281.111059
22.358974 2.794872 -9331.682975
22.358974 2.897436 -9387.160876
22.358974 3.000000 -9447.875148
23.615385 -1.000000 -8952.831167
23.615385 -0.897436 -8946.570578
23.615385 -0.794872 -8940.565727
23.615385 -0.692308 -8934.837941
23.615385 -0.589744 -8929.412676
23.615385 -0.487179 -8924.319492
23.615385 -0.384615 -8919.591981
23.615385 -0.282051 -8915.267641
23.615385 -0.179487 -8911.387733
23.615385 -0.076923 -8907.997170
23.615385 0.025641 -8905.144486
23.615385 0.128205 -8902.881924
23.615385 0.230769 -8901.265683
23.615385 0.333333 -8900.356280
23.615385 0.435897 -8900.219020
23.615385 0.538462 -8900.924454
23.615385 0.641026 -8902.548778
23.615385 0.743590 -8905.174074
23.615385 0.846154 -8908.888364
23.615385 0.948718 -8913.785523
23.615385 1.051282 -8919.965157
23.615385 1.153846 -8927.532614
23.615385 1.256410 -8936.599352
23.615385 1.358974 -8947.283792
23.615385 1.461538 -8959.712756
23.615385 1.564103 -8974.023375
23.615385 1.666667 -8990.365255
23.615385 1.769231 -9008.902547
23.615385 1.871795 -9029.815562
23.615385 1.974359 -9053.301659
23.615385 2.076923 -9079.575311
23.615385 2.179487 -9108.867437
23.615385 2.282051 -9141.424295
23.615385 2.384615 -9177.506305
23.615385 2.487179 -9217.387191
23.615385 2.589744 -9261.353621
23.615385 2.692308 -9309.705186
23.615385 2.794872 -9362.754037
23.615385 2.897436 -9420.823062
23.615385 3.000000 -9484.241303
24.871795 -1.000000 -8946.482073
24.871795 -0.897436 -8940.402741
24.871795 -0.794872 -8934.598440
24.871795 -0.692308 -8929.092859
24.871795 -0.589744 -8923.913846
24.871795 -0.487179 -8919.093327
24.871795 -0.384615 -8914.667174
24.871795 -0.282051 -8910.675029
24.871795 -0.179487 -8907.160149
24.871795 -0.076923 -8904.169317
24.871795 0.025641 -8901.752865
24.871795 0.128205 -8899.964859
24.871795 0.230769 -8898.863424
24.871795 0.333333 -8898.511182
24.871795 0.435897 -8898.975741
24.871795 0.538462 -8900.330126
24.871795 0.641026 -8902.653085
24.871795 0.743590 -8906.029199
24.871795 0.846154 -8910.548808
24.871795 0.948718 -8916.307840
24.871795 1.051282 -8923.407690
24.871795 1.153846 -8931.955345
24.871795 1.256410 -8942.063965
24.871795 1.358974 -8953.854012
24.871795 1.461538 -8967.454931
24.871795 1.564103 -8983.007223
24.871795 1.666667 -9000.664594
24.871795 1.769231 -9020.595841
24.871795 1.871795 -9042.986142
24.871795 1.974359 -9068.037559
24.871795 2.076923 -9095.968763
24.871795 2.179487 -9127.014151
24.871795 2.282051 -9161.422695
24.871795 2.384615 -9199.456918
24.871795 2.487179 -9241.392302
24.871795 2.589744 -9287.517217
24.871795 2.692308 -9338.132973
24.871795 2.794872 -9393.553159
24.871795 2.897436 -9454.100971
24.871795 3.000000 -9520.103293
26.128205 -1.000000 -8940.797692
26.128205 -0.897436 -8934.909616
26.128205 -0.794872 -8929.315676
26.128205 -0.692308 -8924.041833
26.128205 -0.589744 -8919.118190
26.128205 -0.487179 -8914.578856
26.128205 -0.384615 -8910.461750
26.128205 -0.282051 -8906.808409
26.128205 -0.179487 -8903.663837
26.128205 -0.076923 -8901.076465
26.128205 0.025641 -8899.098263
26.128205 0.128205 -8897.785006
26.128205 0.230769 -8897.196689
26.128205 0.333333 -8897.398005
26.128205 0.435897 -8898.458826
26.128205 0.538462 -8900.454565
26.128205 0.641026 -8903.466361
26.128205 0.743590 -8907.581059
26.128205 0.846154 -8912.891021
26.128205 0.948718 -8919.493915
26.128205 1.051282 -8927.492649
26.128205 1.153846 -8936.995667
26.128205 1.256410 -8948.117772
26.128205 1.358974 -8960.981518
26.128205 1.461538 -8975.719098
26.128205 1.564103 -8992.474492
26.128205 1.666667 -9011.405522
26.128205 1.769231 -9032.685498
26.128205 1.871795 -9056.504164
26.128205 1.974359 -9083.067855
26.128205 2.076923 -9112.598946
26.128205 2.179487 -9145.334843
26.128205 2.282051 -9181.526874
26.128205 2.384615 -9221.439463
26.128205 2.487179 -9265.349830
26.128205 2.589744 -9313.548128
26.128205 2.692308 -9366.337466
26.128205 2.794872 -9424.032745
26.128205 2.897436 -9486.956984
26.128205 3.000000 -9555.433971
27.384615 -1.000000 -8935.705031
27.384615 -0.897436 -8930.016333
27.384615 -0.794872 -8924.640690
27.384615 -0.692308 -8919.606227
27.384615 -0.589744 -8914.945151
27.384615 -0.487179 -8910.693550
27.384615 -0.384615 -8906.891168
27.384615 -0.282051 -8903.581203
27.384615 -0.179487 -8900.810195
27.384615 -0.076923 -8898.628062
27.384615 0.025641 -8897.088299
27.384615 0.128205 -8896.248339
27.384615 0.230769 -8896.170023
27.384615 0.333333 -8896.920100
27.384615 0.435897 -8898.570659
27.384615 0.538462 -8901.199390
27.384615 0.641026 -8904.889643
27.384615 0.743590 -8909.730269
27.384615 0.846154 -8915.815364
27.384615 0.948718 -8923.244052
27.384615 1.051282 -8932.120541
27.384615 1.153846 -8942.554622
27.384615 1.256410 -8954.662746
27.384615 1.358974 -8968.569652
27.384615 1.461538 -8984.410408
27.384615 1.564103 -9002.332546
27.384615 1.666667 -9022.497971
27.384615 1.769231 -9045.084324
27.384615 1.871795 -9070.285594
27.384615 1.974359 -9098.311975
27.384615 2.076923 -9129.389117
27.384615 2.179487 -9163.757056
27.384615 2.282051 -9201.669220
27.384615 2.384615 -9243.391834
27.384615 2.487179 -9289.203887
27.384615 2.589744 -9339.397421
27.384615 2.692308 -9394.277363
27.384615 2.794872 -9454.159701
27.384615 2.897436 -9519.366669
27.384615 3.000000 -9590.217929
28.641026 -1.000000 -8931.141500
28.641026 -0.897436 -8925.658727
28.641026 -0.794872 -8920.507739
28.641026 -0.692308 -8915.718699
28.641026 -0.589744 -8911.325748
28.641026 -0.487179 -8907.366753
28.641026 -0.384615 -8903.883066
28.641026 -0.282051 -8900.919343
28.641026 -0.179487 -8898.523500
28.641026 -0.076923 -8896.746824
28.641026 0.025641 -8895.644278
28.641026 0.128205 -8895.274933
28.641026 0.230769 -8895.702477
28.641026 0.333333 -8896.995697
28.641026 0.435897 -8899.228833
28.641026 0.538462 -8902.481719
28.641026 0.641026 -8906.839704
28.641026 0.743590 -8912.393388
28.641026 0.846154 -8919.238321
28.641026 0.948718 -8927.474850
28.641026 1.051282 -8937.208328
28.641026 1.153846 -8948.549844
28.641026 1.256410 -8961.617553
28.641026 1.358974 -8976.538496
28.641026 1.461538 -8993.450721
28.641026 1.564103 -9012.505352
28.641026 1.666667 -9033.868296
28.641026 1.769231 -9057.721307
28.641026 1.871795 -9084.262296
28.641026 1.974359 -9113.704939
28.641026 2.076923 -9146.277791
28.641026 2.179487 -9182.223228
28.641026 2.282051 -9221.796604
28.641026 2.384615 -9265.265909
28.641026 2.487179 -9312.911981
28.641026 2.589744 -9365.028836
28.641026 2.692308 -9421.923171
28.641026 2.794872 -9483.911735
28.641026 2.897436 -9551.315265
28.641026 3.000000 -9624.448205
29.897436 -1.000000 -8927.053002
29.897436 -0.897436 -8921.781381
29.897436 -0.794872 -8916.860074
29.897436 -0.692308 -8912.321141
29.897436 -0.589744 -8908.200478
29.897436 -0.487179 -8904.537535
29.897436 -0.384615 -8901.375079
29.897436 -0.282051 -8898.759060
29.897436 -0.179487 -8896.738642
29.897436 -0.076923 -8895.366419
29.897436 0.025641 -8894.698798
29.897436 0.128205 -8894.796495
29.897436 0.230769 -8895.725048
29.897436 0.333333 -8897.555254
29.897436 0.435897 -8900.363410
29.897436 0.538462 -8904.231334
29.897436 0.641026 -8909.246147
29.897436 0.743590 -8915.499941
29.897436 0.846154 -8923.089474
29.897436 0.948718 -8932.116125
29.897436 1.051282 -8942.686295
29.897436 1.153846 -8954.912383
29.897436 1.256410 -8968.914330
29.897436 1.358974 -8984.821598
29.897436 1.461538 -9002.775301
29.897436 1.564103 -9022.930153
29.897436 1.666667 -9045.455942
29.897436 1.769231 -9070.538300
29.897436 1.871795 -9098.378750
29.897436 1.974359 -9129.194111
29.897436 2.076923 -9163.215537
29.897436 2.179487 -9200.687522
29.897436 2.282051 -9241.867240
29.897436 2.384615 -9287.024469
29.897436 2.487179 -9336.441982
29.897436 2.589744 -9390.415826
29.897436 2.692308 -9449.254349
29.897436 2.794872 -9513.274630
29.897436 2.897436 -9582.795119
29.897436 3.000000 -9658.123916
31.153846 -1.000000 -8923.392463
31.153846 -0.897436 -8918.336114
31.153846 -0.794872 -8913.648386
31.153846 -0.692308 -8909.363086
31.153846 -0.589744 -8905.517688
31.153846 -0.487179 -8902.153038
31.153846 -0.384615 -8899.313152
31.153846 -0.282051 -8897.045144
31.153846 -0.179487 -8895.399351
31.153846 -0.076923 -8894.429640
31.153846 0.025641 -8894.193867
31.153846 0.128205 -8894.754409
31.153846 0.230769 -8896.178652
31.153846 0.333333 -8898.539346
31.153846 0.435897 -8901.914736
31.153846 0.538462 -8906.388432
31.153846 0.641026 -8912.049102
31.153846 0.743590 -8918.990079
31.153846 0.846154 -8927.309118
31.153846 0.948718 -8937.108493
31.153846 1.051282 -8948.495609
31.153846 1.153846 -8961.584220
31.153846 1.256410 -8976.496162
31.153846 1.358974 -8993.363425
31.153846 1.461538 -9012.330245
31.153846 1.564103 -9033.554887
31.153846 1.666667 -9057.210872
31.153846 1.769231 -9083.487472
31.153846 1.871795 -9112.589528
31.153846 1.974359 -9144.736707
31.153846 2.076923 -9180.162514
31.153846 2.179487 -9219.113397
31.153846 2.282051 -9261.848304
31.153846 2.384615 -9308.638847
31.153846 2.487179 -9359.769826
31.153846 2.589744 -9415.539330
31.153846 2.692308 -9476.257160
31.153846 2.794872 -9542.240213
31.153846 2.897436 -9613.803791
31.153846 3.000000 -9691.248525
32.410256 -1.000000 -8920.118680
32.410256 -0.897436 -8915.280790
32.410256 -0.794872 -8910.829583
32.410256 -0.692308 -8906.800456
32.410256 -0.589744 -8903.232287
32.410256 -0.487179 -8900.167158
32.410256 -0.384615 -8897.650194
32.410256 -0.282051 -8895.729582
32.410256 -0.179487 -8894.456786
32.410256 -0.076923 -8893.886944
32.410256 0.025641 -8894.079384
32.410256 0.128205 -8895.098155
32.410256 0.230769 -8897.012473
32.410256 0.333333 -8899.896968
32.410256 0.435897 -8903.831686
32.410256 0.538462 -8908.901834
32.410256 0.641026 -8915.197391
32.410256 0.743590 -8922.812712
32.410256 0.846154 -8931.846376
32.410256 0.948718 -8942.401459
32.410256 1.051282 -8954.586374
32.410256 1.153846 -8968.516306
32.410256 1.256410 -8984.315095
32.410256 1.358974 -9002.117353
32.410256 1.461538 -9022.070462
32.410256 1.564103 -9044.336171
32.410256 1.666667 -9069.091564
32.410256 1.769231 -9096.529323
32.410256 1.871795 -9126.857336
32.410256 1.974359 -9160.297866
32.410256 2.076923 -9197.086568
32.410256 2.179487 -9237.471734
32.410256 2.282051 -9281.714077
32.410256 2.384615 -9330.087116
32.410256 2.487179 -9382.877749
32.410256 2.589744 -9440.386068
32.410256 2.692308 -9502.923053
32.410256 2.794872 -9570.804830
32.410256 2.897436 -9644.342659
32.410256 3.000000 -9723.828581
33.666667 -1.000000 -8917.195406
33.666667 -0.897436 -8912.578372
33.666667 -0.794872 -8908.365815
33.666667 -0.692308 -8904.594560
33.666667 -0.589744 -8901.304732
33.666667 -0.487179 -8898.539505
33.666667 -0.384615 -8896.345010
33.666667 -0.282051 -8894.770447
33.666667 -0.179487 -8893.868392
33.666667 -0.076923 -8893.695272
33.666667 0.025641 -8894.311909
33.666667 0.128205 -8895.784031
33.666667 0.230769 -8898.182642
33.666667 0.333333 -8901.584154
33.666667 0.435897 -8906.070250
33.666667 0.538462 -8911.727530
33.666667 0.641026 -8918.647059
33.666667 0.743590 -8926.924021
33.666667 0.846154 -8936.657688
33.666667 0.948718 -8947.951892
33.666667 1.051282 -8960.916091
33.666667 1.153846 -8975.666994
33.666667 1.256410 -8992.330555
33.666667 1.358974 -9011.044074
33.666667 1.461538 -9031.958079
33.666667 1.564103 -9055.237705
33.666667 1.666667 -9081.063433
33.666667 1.769231 -9109.631123
33.666667 1.871795 -9141.151476
33.666667 1.974359 -9175.849132
33.666667 2.076923 -9213.961742
33.666667 2.179487 -9255.739371
33.666667 2.282051 -9301.444519
33.666667 2.384615 -9351.352689
33.666667 2.487179 -9405.752930
33.666667 2.589744 -9464.947239
33.666667 2.692308 -9529.247428
33.666667 2.794872 -9598.968206
33.666667 2.897436 -9674.415869
33.666667 3.000000 -9755.872793
34.923077 -1.000000 -8914.590611
34.923077 -0.897436 -8910.196163
34.923077 -0.794872 -8906.223687
34.923077 -0.692308 -8902.711288
34.923077 -0.589744 -8899.700195
34.923077 -0.487179 -8897.234554
34.923077 -0.384615 -8895.361430
34.923077 -0.282051 -8894.131003
34.923077 -0.179487 -8893.596971
34.923077 -0.076923 -8893.817074
34.923077 0.025641 -8894.853649
34.923077 0.128205 -8896.774092
34.923077 0.230769 -8899.651137
34.923077 0.333333 -8903.562851
34.923077 0.435897 -8908.592380
34.923077 0.538462 -8914.827506
34.923077 0.641026 -8922.360180
34.923077 0.743590 -8931.286253
34.923077 0.846154 -8941.705598
34.923077 0.948718 -8953.722796
34.923077 1.051282 -8967.448414
34.923077 1.153846 -8983.000786
34.923077 1.256410 -9000.508075
34.923077 1.358974 -9020.110320
34.923077 1.461538 -9041.961161
34.923077 1.564103 -9066.229015
34.923077 1.666667 -9093.097580
34.923077 1.769231 -9122.765688
34.923077 1.871795 -9155.446638
34.923077 1.974359 -9191.367267
34.923077 2.076923 -9230.767102
34.923077 2.179487 -9273.897948
34.923077 2.282051 -9321.024135
34.923077 2.384615 -9372.423226
34.923077 2.487179 -9428.386433
34.923077 2.589744 -9489.217511
34.923077 2.692308 -9555.228692
34.923077 2.794872 -9626.732574
34.923077 2.897436 -9704.029563
34.923077 3.000000 -9787.391343
36.179487 -1.000000 -8912.275878
36.179487 -0.897436 -8908.105176
36.179487 -0.794872 -8904.373621
36.179487 -0.692308 -8901.120458
36.179487 -0.589744 -8898.387891
36.179487 -0.487179 -8896.220955
36.179487 -0.384615 -8894.667595
36.179487 -0.282051 -8893.778967
36.179487 -0.179487 -8893.609911
36.179487 -0.076923 -8894.219507
36.179487 0.025641 -8895.671619
36.179487 0.128205 -8898.035286
36.179487 0.230769 -8901.384882
36.179487 0.333333 -8905.799992
36.179487 0.435897 -8911.365040
36.179487 0.538462 -8918.168789
36.179487 0.641026 -8926.303898
36.179487 0.743590 -8935.866751
36.179487 0.846154 -8946.957774
36.179487 0.948718 -8959.682319
36.179487 1.051282 -8974.152145
36.179487 1.153846 -8990.487313
36.179487 1.256410 -9008.818277
36.179487 1.358974 -9029.287836
36.179487 1.461538 -9052.052697
36.179487 1.564103 -9077.284435
36.179487 1.666667 -9105.169797
36.179487 1.769231 -9135.910390
36.179487 1.871795 -9169.721929
36.179487 1.974359 -9206.833298
36.179487 2.076923 -9247.485809
36.179487 2.179487 -9291.933001
36.179487 2.282051 -9340.441091
36.179487 2.384615 -9393.289766
36.179487 2.487179 -9450.772383
36.179487 2.589744 -9513.194243
36.179487 2.692308 -9580.867534
36.179487 2.794872 -9654.102016
36.179487 2.897436 -9733.191293
36.179487 3.000000 -9818.395385
37.435897 -1.000000 -8910.225906
37.435897 -0.897436 -8906.279624
37.435897 -0.794872 -8902.789326
37.435897 -0.692308 -8899.795267
37.435897 -0.589744 -8897.340526
37.435897 -0.487179 -8895.470957
37.435897 -0.384615 -8894.235365
37.435897 -0.282051 -8893.685889
37.435897 -0.179487 -8893.878539
37.435897 -0.076923 -8894.873763
37.435897 0.025641 -8896.736946
37.435897 0.128205 -8899.538722
37.435897 0.230769 -8903.355003
37.435897 0.333333 -8908.266736
37.435897 0.435897 -8914.359438
37.435897 0.538462 -8921.722666
37.435897 0.641026 -8930.449627
37.435897 0.743590 -8940.637154
37.435897 0.846154 -8952.386199
37.435897 0.948718 -8965.802940
37.435897 1.051282 -8981.000414
37.435897 1.153846 -8998.100512
37.435897 1.256410 -9017.236036
37.435897 1.358974 -9038.552555
37.435897 1.461538 -9062.209771
37.435897 1.564103 -9088.382296
37.435897 1.666667 -9117.259760
37.435897 1.769231 -9149.046376
37.435897 1.871795 -9183.960105
37.435897 1.974359 -9222.231755
37.435897 2.076923 -9264.104370
37.435897 2.179487 -9309.833230
37.435897 2.282051 -9359.686505
37.435897 2.384615 -9413.946052
37.435897 2.487179 -9472.907314
37.435897 2.589744 -9536.876875
37.435897 2.692308 -9606.166366
37.435897 2.794872 -9681.081964
37.435897 2.897436 -9761.909579
37.435897 3.000000 -9848.896675
38.692308 -1.000000 -8908.418094
38.692308 -0.897436 -8904.696494
38.692308 -0.794872 -8901.447362
38.692308 -0.692308 -8898.711850
38.692308 -0.589744 -8896.533832
38.692308 -0.487179 -8894.959937
38.692308 -0.384615 -8894.039823
38.692308 -0.282051 -8893.826637
38.692308 -0.179487 -8894.377586
38.692308 -0.076923 -8895.754502
38.692308 0.025641 -8898.024276
38.692308 0.128205 -8901.259066
38.692308 0.230769 -8905.536202
38.692308 0.333333 -8910.937831
38.692308 0.435897 -8917.550380
38.692308 0.538462 -8925.464031
38.692308 0.641026 -8934.772414
38.692308 0.743590 -8945.572745
38.692308 0.846154 -8957.966519
38.692308 0.948718 -8972.060802
38.692308 1.051282 -8987.970010
38.692308 1.153846 -9005.817944
38.692308 1.256410 -9025.739806
38.692308 1.358974 -9047.883913
38.692308 1.461538 -9072.412893
38.692308 1.564103 -9099.504263
38.692308 1.666667 -9129.350389
38.692308 1.769231 -9162.157924
38.692308 1.871795 -9198.146939
38.692308 1.974359 -9237.550067
38.692308 2.076923 -9280.612042
38.692308 2.179487 -9327.589920
38.692308 2.282051 -9378.753881
38.692308 2.384615 -9434.387984
38.692308 2.487179 -9494.789654
38.692308 2.589744 -9560.266447
38.692308 2.692308 -9631.128886
38.692308 2.794872 -9707.678814
38.692308 2.897436 -9790.193586
38.692308 3.000000 -9878.907300
39.948718 -1.000000 -8906.832196
39.948718 -0.897436 -8903.335188
39.948718 -0.794872 -8900.326769
39.948718 -0.692308 -8897.848897
39.948718 -0.589744 -8895.946175
39.948718 -0.487179 -8894.665988
39.948718 -0.384615 -8894.058855
39.948718 -0.282051 -8894.178956
39.948718 -0.179487 -8895.084724
39.948718 -0.076923 -8896.839379
39.948718 0.025641 -8899.511283
39.948718 0.128205 -8903.174030
39.948718 0.230769 -8907.906239
39.948718 0.333333 -8913.791089
39.948718 0.435897 -8920.915743
39.948718 0.538462 -8929.370859
39.948718 0.641026 -8939.250395
39.948718 0.743590 -8950.651918
39.948718 0.846154 -8963.677498
39.948718 0.948718 -8978.435170
39.948718 1.051282 -8995.040822
39.948718 1.153846 -9013.620241
39.948718 1.256410 -9034.311057
39.948718 1.358974 -9057.264305
39.948718 1.461538 -9082.645453
39.948718 1.564103 -9110.634803
39.948718 1.666667 -9141.427311
39.948718 1.769231 -9175.231931
39.948718 1.871795 -9212.270719
39.948718 1.974359 -9252.778054
39.948718 2.076923 -9297.000346
39.948718 2.179487 -9345.196464
39.948718 2.282051 -9397.638659
39.948718 2.384615 -9454.613191
39.948718 2.487179 -9516.419322
39.948718 2.589744 -9583.365227
39.948718 2.692308 -9655.759745
39.948718 2.794872 -9733.899632
39.948718 2.897436 -9818.052875
39.948718 3.000000 -9908.439471
41.205128 -1.000000 -8905.450026
41.205128 -0.897436 -8902.177220
41.205128 -0.794872 -8899.408761
41.205128 -0.692308 -8897.187334
41.205128 -0.589744 -8895.558231
41.205128 -0.487179 -8894.569583
41.205128 -0.384615 -8894.272790
41.205128 -0.282051 -8894.723095
41.205128 -0.179487 -8895.980177
41.205128 -0.076923 -8898.108634
41.205128 0.025641 -8901.178246
41.205128 0.128205 -8905.263947
41.205128 0.230769 -8910.445496
41.205128 0.333333 -8916.806943
41.205128 0.435897 -8924.436029
41.205128 0.538462 -8933.423761
41.205128 0.641026 -8943.864354
41.205128 0.743590 -8955.855723
41.205128 0.846154 -8969.500563
41.205128 0.948718 -8984.907967
41.205128 1.051282 -9002.195382
41.205128 1.153846 -9021.490642
41.205128 1.256410 -9042.933817
41.205128 1.358974 -9066.678620
41.205128 1.461538 -9092.893270
41.205128 1.564103 -9121.760736
41.205128 1.666667 -9153.478432
41.205128 1.769231 -9188.257483
41.205128 1.871795 -9226.321827
41.205128 1.974359 -9267.907529
41.205128 2.076923 -9313.262673
41.205128 2.179487 -9362.647987
41.205128 2.282051 -9416.337844
41.205128 2.384615 -9474.620677
41.205128 2.487179 -9537.797400
41.205128 2.589744 -9606.176417
41.205128 2.692308 -9680.064284
41.205128 2.794872 -9759.751933
41.205128 2.897436 -9845.497216
41.205128 3.000000 -9937.505386
42.461538 -1.000000 -8904.255209
42.461538 -0.897436 -8901.205962
42.461538 -0.794872 -8898.676461
42.461538 -0.692308 -8896.710056
42.461538 -0.589744 -8895.352702
42.461538 -0.487179 -8894.653281
42.461538 -0.384615 -8894.664098
42.461538 -0.282051 -8895.441489
42.461538 -0.179487 -8897.046389
42.461538 -0.076923 -8899.544749
42.461538 0.025641 -8903.007700
42.461538 0.128205 -8907.511402
42.461538 0.230769 -8913.136611
42.461538 0.333333 -8919.968085
42.461538 0.435897 -8928.094001
42.461538 0.538462 -8937.605614
42.461538 0.641026 -8948.597352
42.461538 0.743590 -8961.167495
42.461538 0.846154 -8975.419432
42.461538 0.948718 -8991.463398
42.461538 1.051282 -9009.418481
42.461538 1.153846 -9029.414612
42.461538 1.256410 -9051.594294
42.461538 1.358974 -9076.113871
42.461538 1.461538 -9103.144223
42.461538 1.564103 -9132.870876
42.461538 1.666667 -9165.493578
42.461538 1.769231 -9201.225511
42.461538 1.871795 -9240.292403
42.461538 1.974359 -9282.931963
42.461538 2.076923 -9329.393961
42.461538 2.179487 -9379.941036
42.461538 2.282051 -9434.849714
42.461538 2.384615 -9494.410546
42.461538 2.487179 -9558.925878
42.461538 2.589744 -9628.703917
42.461538 2.692308 -9704.048330
42.461538 2.794872 -9785.243508
42.461538 2.897436 -9872.536453
42.461538 3.000000 -9966.117117
43.717949 -1.000000 -8903.232964
43.717949 -0.897436 -8900.406426
43.717949 -0.794872 -8898.114678
43.717949 -0.692308 -8896.401690
43.717949 -0.589744 -8895.314073
43.717949 -0.487179 -8894.901471
43.717949 -0.384615 -8895.217125
43.717949 -0.282051 -8896.318483
43.717949 -0.179487 -8898.267735
43.717949 -0.076923 -8901.132151
43.717949 0.025641 -8904.984129
43.717949 0.128205 -8909.900931
43.717949 0.230769 -8915.964165
43.717949 0.333333 -8923.259150
43.717949 0.435897 -8931.874371
43.717949 0.538462 -8941.901253
43.717949 0.641026 -8953.434418
43.717949 0.743590 -8966.572547
43.717949 0.846154 -8981.419795
43.717949 0.948718 -8998.087631
43.717949 1.051282 -9016.696852
43.717949 1.153846 -9037.379516
43.717949 1.256410 -9060.280553
43.717949 1.358974 -9085.558878
43.717949 1.461538 -9113.387945
43.717949 1.564103 -9143.955729
43.717949 1.666667 -9177.464203
43.717949 1.769231 -9214.128498
43.717949 1.871795 -9254.176061
43.717949 1.974359 -9297.846213
43.717949 2.076923 -9345.390433
43.717949 2.179487 -9397.073318
43.717949 2.282051 -9453.173571
43.717949 2.384615 -9513.983772
43.717949 2.487179 -9579.807443
43.717949 2.589744 -9650.952143
43.717949 2.692308 -9727.718042
43.717949 2.794872 -9810.382295
43.717949 2.897436 -9899.180399
43.717949 3.000000 -9994.286544
44.974359 -1.000000 -8902.369929
44.974359 -0.897436 -8899.765072
44.974359 -0.794872 -8897.709708
44.974359 -0.692308 -8896.248399
44.974359 -0.589744 -8895.428406
44.974359 -0.487179 -8895.300161
44.974359 -0.384615 -8895.917865
44.974359 -0.282051 -8897.340093
44.974359 -0.179487 -8899.630279
44.974359 -0.076923 -8902.856960
44.974359 0.025641 -8907.093707
44.974359 0.128205 -8912.418759
44.974359 0.230769 -8918.914429
44.974359 0.333333 -8926.666459
44.974359 0.435897 -8935.763540
44.974359 0.538462 -8946.297208
44.974359 0.641026 -8958.362282
44.974359 0.743590 -8972.057895
44.974359 0.846154 -8987.489049
44.974359 0.948718 -9004.768525
44.974359 1.051282 -9024.018892
44.974359 1.153846 -9045.374359
44.974359 1.256410 -9068.982254
44.974359 1.358974 -9095.004008
44.974359 1.461538 -9123.615563
44.974359 1.564103 -9155.007242
44.974359 1.666667 -9189.383138
44.974359 1.769231 -9226.960243
44.974359 1.871795 -9267.967656
44.974359 1.974359 -9312.646294
44.974359 2.076923 -9361.249374
44.974359 2.179487 -9414.043501
44.974359 2.282051 -9471.309551
44.974359 2.384615 -9533.342019
44.974359 2.487179 -9600.445314
44.974359 2.589744 -9672.925880
44.974359 2.692308 -9751.079782
44.974359 2.794872 -9835.176279
44.974359 2.897436 -9925.438768
44.974359 3.000000 -10022.025292
46.230769 -1.000000 -8901.653994
46.230769 -0.897436 -8899.269648
46.230769 -0.794872 -8897.449173
46.230769 -0.692308 -8896.237701
46.230769 -0.589744 -8895.683157
46.230769 -0.487179 -8895.836782
46.230769 -0.384615 -8896.753760
46.230769 -0.282051 -8898.493802
46.230769 -0.179487 -8901.121560
46.230769 -0.076923 -8904.706772
46.230769 0.025641 -8909.324084
46.230769 0.128205 -8915.052579
46.230769 0.230769 -8921.975136
46.230769 0.333333 -8930.177800
46.230769 0.435897 -8939.749378
46.230769 0.538462 -8950.781487
46.230769 0.641026 -8963.369161
46.230769 0.743590 -8977.612046
46.230769 0.846154 -8993.616071
46.230769 0.948718 -9011.495408
46.230769 1.051282 -9031.374446
46.230769 1.153846 -9053.389551
46.230769 1.256410 -9077.690427
46.230769 1.358974 -9104.440954
46.230769 1.461538 -9133.819483
46.230769 1.564103 -9166.018590
46.230769 1.666667 -9201.244392
46.230769 1.769231 -9239.715659
46.230769 1.871795 -9281.663088
46.230769 1.974359 -9327.329191
46.230769 2.076923 -9376.968957
46.230769 2.179487 -9430.851036
46.230769 2.282051 -9489.258459
46.230769 2.384615 -9552.487490
46.230769 2.487179 -9620.843111
46.230769 2.589744 -9694.630170
46.230769 2.692308 -9774.140026
46.230769 2.794872 -9859.633419
46.230769 2.897436 -9951.321110
46.230769 3.000000 -10049.344708
47.487179 -1.000000 -8901.074168
47.487179 -0.897436 -8898.909050
47.487179 -0.794872 -8897.321869
47.487179 -0.692308 -8896.358326
47.487179 -0.589744 -8896.067019
47.487179 -0.487179 -8896.500026
47.487179 -0.384615 -8897.713533
47.487179 -0.282051 -8899.768382
47.487179 -0.179487 -8902.730407
47.487179 -0.076923 -8906.670474
47.487179 0.025641 -8911.664192
47.487179 0.128205 -8917.791361
47.487179 0.230769 -8925.135297
47.487179 0.333333 -8933.782235
47.487179 0.435897 -8943.821038
47.487179 0.538462 -8955.343387
47.487179 0.641026 -8968.444566
47.487179 0.743590 -8983.224799
47.487179 0.846154 -8999.791028
47.487179 0.948718 -9018.258880
47.487179 1.051282 -9038.754603
47.487179 1.153846 -9061.416724
47.487179 1.256410 -9086.397283
47.487179 1.358974 -9113.862553
47.487179 1.461538 -9143.993212
47.487179 1.564103 -9176.984003
47.487179 1.666667 -9213.042976
47.487179 1.769231 -9252.390603
47.487179 1.871795 -9295.259145
47.487179 1.974359 -9341.892705
47.487179 2.076923 -9392.548087
47.487179 2.179487 -9447.496014
47.487179 2.282051 -9507.021635
47.487179 2.384615 -9571.422806
47.487179 2.487179 -9641.004746
47.487179 2.589744 -9716.070218
47.487179 2.692308 -9796.905289
47.487179 2.794872 -9883.761591
47.487179 2.897436 -9976.836786
47.487179 3.000000 -10076.255827
48.743590 -1.000000 -8900.620459
48.743590 -0.897436 -8898.673195
48.743590 -0.794872 -8897.317645
48.743590 -0.692308 -8896.600076
48.743590 -0.589744 -8896.569784
48.743590 -0.487179 -8897.279704
48.743590 -0.384615 -8898.787035
48.743590 -0.282051 -8901.153738
48.743590 -0.179487 -8904.446784
48.743590 -0.076923 -8908.738080
48.743590 0.025641 -8914.104087
48.743590 0.128205 -8920.625194
48.743590 0.230769 -8928.385036
48.743590 0.333333 -8937.469948
48.743590 0.435897 -8947.968798
48.743590 0.538462 -8959.973336
48.743590 0.641026 -8973.579140
48.743590 0.743590 -8988.887089
48.743590 0.846154 -9006.005211
48.743590 0.948718 -9025.050649
48.743590 1.051282 -9046.151540
48.743590 1.153846 -9069.448563
48.743590 1.256410 -9095.096058
48.743590 1.358974 -9123.262629
48.743590 1.461538 -9154.131206
48.743590 1.564103 -9187.898614
48.743590 1.666667 -9224.774758
48.743590 1.769231 -9264.981742
48.743590 1.871795 -9308.753359
48.743590 1.974359 -9356.335321
48.743590 2.076923 -9407.986280
48.743590 2.179487 -9463.979054
48.743590 2.282051 -9524.600845
48.743590 2.384615 -9590.150909
48.743590 2.487179 -9660.934340
48.743590 2.589744 -9737.251321
48.743590 2.692308 -9819.382066
48.743590 2.794872 -9907.568552
48.743590 2.897436 -10001.994929
48.743590 3.000000 -10102.769368
50.000000 -1.000000 -8900.283768
50.000000 -0.897436 -8898.552916
50.000000 -0.794872 -8897.427283
50.000000 -0.692308 -8896.953714
50.000000 -0.589744 -8897.182220
50.000000 -0.487179 -8898.166613
50.000000 -0.384615 -8899.965113
50.000000 -0.282051 -8902.640776
50.000000 -0.179487 -8906.261649
50.000000 -0.076923 -8910.900594
50.000000 0.025641 -8916.634808
50.000000 0.128205 -8923.545150
50.000000 0.230769 -8931.715461
50.000000 0.333333 -8941.232105
50.000000 0.435897 -8952.183924
50.000000 0.538462 -8964.662755
50.000000 0.641026 -8978.764525
50.000000 0.743590 -8994.590845
50.000000 0.846154 -9012.250896
50.000000 0.948718 -9031.863394
50.000000 1.051282 -9053.558380
50.000000 1.153846 -9077.478673
50.000000 1.256410 -9103.780875
50.000000 1.358974 -9132.635859
50.000000 1.461538 -9164.228738
50.000000 1.564103 -9198.758337
50.000000 1.666667 -9236.436339
50.000000 1.769231 -9277.486426
50.000000 1.871795 -9322.143898
50.000000 1.974359 -9370.656095
50.000000 2.076923 -9423.283555
50.000000 2.179487 -9480.301198
50.000000 2.282051 -9541.998197
50.000000 2.384615 -9608.674980
50.000000 2.487179 -9680.636150
50.000000 2.589744 -9758.178817
50.000000 2.692308 -9841.576794
50.000000 2.794872 -9931.061902
50.000000 2.897436 -10026.804436
50.000000 3.000000 -10128.895723
