1.000000 -1.000000 -9758.554748
1.000000 -0.897436 -9758.513480
1.000000 -0.794872 -9758.469508
1.000000 -0.692308 -9758.422620
1.000000 -0.589744 -9758.372589
1.000000 -0.487179 -9758.319162
1.000000 -0.384615 -9758.262065
1.000000 -0.282051 -9758.200996
1.000000 -0.179487 -9758.135624
1.000000 -0.076923 -9758.065585
1.000000 0.025641 -9757.990480
1.000000 0.128205 -9757.909866
1.000000 0.230769 -9757.823257
1.000000 0.333333 -9757.730116
1.000000 0.435897 -9757.629848
1.000000 0.538462 -9757.521796
1.000000 0.641026 -9757.405229
1.000000 0.743590 -9757.279338
1.000000 0.846154 -9757.143224
1.000000 0.948718 -9756.995885
1.000000 1.051282 -9756.836205
1.000000 1.153846 -9756.662942
1.000000 1.256410 -9756.474707
1.000000 1.358974 -9756.269946
1.000000 1.461538 -9756.046924
1.000000 1.564103 -9755.803694
1.000000 1.666667 -9755.538075
1.000000 1.769231 -9755.247619
1.000000 1.871795 -9754.929578
1.000000 1.974359 -9754.580865
1.000000 2.076923 -9754.198011
1.000000 2.179487 -9753.777116
1.000000 2.282051 -9753.313799
1.000000 2.384615 -9752.803138
1.000000 2.487179 -9752.239611
1.000000 2.589744 -9751.617030
1.000000 2.692308 -9750.928474
1.000000 2.794872 -9750.166231
1.000000 2.897436 -9749.321733
1.000000 3.000000 -9748.385516
2.256410 -1.000000 -9754.013484
2.256410 -0.897436 -9753.818302
2.256410 -0.794872 -9753.611008
2.256410 -0.692308 -9753.390723
2.256410 -0.589744 -9753.156490
2.256410 -0.487179 -9752.907267
2.256410 -0.384615 -9752.641924
2.256410 -0.282051 -9752.359228
2.256410 -0.179487 -9752.057837
2.256410 -0.076923 -9751.736287
2.256410 0.025641 -9751.392982
2.256410 0.128205 -9751.026180
2.256410 0.230769 -9750.633979
2.256410 0.333333 -9750.214300
2.256410 0.435897 -9749.764873
2.256410 0.538462 -9749.283217
2.256410 0.641026 -9748.766620
2.256410 0.743590 -9748.212119
2.256410 0.846154 -9747.616477
2.256410 0.948718 -9746.976160
2.256410 1.051282 -9746.287310
2.256410 1.153846 -9745.545727
2.256410 1.256410 -9744.746835
2.256410 1.358974 -9743.885666
2.256410 1.461538 -9742.956838
2.256410 1.564103 -9741.954533
2.256410 1.666667 -9740.872495
2.256410 1.769231 -9739.704020
2.256410 1.871795 -9738.441979
2.256410 1.974359 -9737.078843
2.256410 2.076923 -9735.606748
2.256410 2.179487 -9734.017589
2.256410 2.282051 -9732.303167
2.256410 2.384615 -9730.455398
2.256410 2.487179 -9728.466614
2.256410 2.589744 -9726.329967
2.256410 2.692308 -9724.039989
2.256410 2.794872 -9721.593334
2.256410 2.897436 -9718.989760
2.256410 3.000000 -9716.233407
3.512821 -1.000000 -9747.879326
3.512821 -0.897436 -9747.456614
3.512821 -0.794872 -9747.009872
3.512821 -0.692308 -9746.537524
3.512821 -0.589744 -9746.037873
3.512821 -0.487179 -9745.509091
3.512821 -0.384615 -9744.949207
3.512821 -0.282051 -9744.356100
3.512821 -0.179487 -9743.727487
3.512821 -0.076923 -9743.060907
3.512821 0.025641 -9742.353715
3.512821 0.128205 -9741.603066
3.512821 0.230769 -9740.805905
3.512821 0.333333 -9739.958954
3.512821 0.435897 -9739.058705
3.512821 0.538462 -9738.101408
3.512821 0.641026 -9737.083068
3.512821 0.743590 -9735.999443
3.512821 0.846154 -9734.846044
3.512821 0.948718 -9733.618147
3.512821 1.051282 -9732.310812
3.512821 1.153846 -9730.918908
3.512821 1.256410 -9729.437163
3.512821 1.358974 -9727.860222
3.512821 1.461538 -9726.182738
3.512821 1.564103 -9724.399485
3.512821 1.666667 -9722.505510
3.512821 1.769231 -9720.496338
3.512821 1.871795 -9718.368227
3.512821 1.974359 -9716.118501
3.512821 2.076923 -9713.745971
3.512821 2.179487 -9711.251470
3.512821 2.282051 -9708.638525
3.512821 2.384615 -9705.914211
3.512821 2.487179 -9703.090204
3.512821 2.589744 -9700.184105
3.512821 2.692308 -9697.221071
3.512821 2.794872 -9694.235811
3.512821 2.897436 -9691.275007
3.512821 3.000000 -9688.400201
4.769231 -1.000000 -9741.263687
4.769231 -0.897436 -9740.585057
4.769231 -0.794872 -9739.871887
4.769231 -0.692308 -9739.122184
4.769231 -0.589744 -9738.333826
4.769231 -0.487179 -9737.504551
4.769231 -0.384615 -9736.631951
4.769231 -0.282051 -9735.713469
4.769231 -0.179487 -9734.746390
4.769231 -0.076923 -9733.727842
4.769231 0.025641 -9732.654794
4.769231 0.128205 -9731.524058
4.769231 0.230769 -9730.332293
4.769231 0.333333 -9729.076022
4.769231 0.435897 -9727.751643
4.769231 0.538462 -9726.355460
4.769231 0.641026 -9724.883716
4.769231 0.743590 -9723.332640
4.769231 0.846154 -9721.698511
4.769231 0.948718 -9719.977739
4.769231 1.051282 -9718.166966
4.769231 1.153846 -9716.263193
4.769231 1.256410 -9714.263942
4.769231 1.358974 -9712.167449
4.769231 1.461538 -9709.972907
4.769231 1.564103 -9707.680759
4.769231 1.666667 -9705.293055
4.769231 1.769231 -9702.813891
4.769231 1.871795 -9700.249940
4.769231 1.974359 -9697.611101
4.769231 2.076923 -9694.911294
4.769231 2.179487 -9692.169428
4.769231 2.282051 -9689.410592
4.769231 2.384615 -9686.667496
4.769231 2.487179 -9683.982225
4.769231 2.589744 -9681.408343
4.769231 2.692308 -9679.013380
4.769231 2.794872 -9676.881721
4.769231 2.897436 -9675.117875
4.769231 3.000000 -9673.850048
6.025641 -1.000000 -9734.663110
6.025641 -0.897436 -9733.734875
6.025641 -0.794872 -9732.764981
6.025641 -0.692308 -9731.751353
6.025641 -0.589744 -9730.691802
6.025641 -0.487179 -9729.584025
6.025641 -0.384615 -9728.425614
6.025641 -0.282051 -9727.214050
6.025641 -0.179487 -9725.946725
6.025641 -0.076923 -9724.620947
6.025641 0.025641 -9723.233962
6.025641 0.128205 -9721.782986
6.025641 0.230769 -9720.265234
6.025641 0.333333 -9718.677973
6.025641 0.435897 -9717.018577
6.025641 0.538462 -9715.284605
6.025641 0.641026 -9713.473887
6.025641 0.743590 -9711.584640
6.025641 0.846154 -9709.615599
6.025641 0.948718 -9707.566179
6.025641 1.051282 -9705.436663
6.025641 1.153846 -9703.228432
6.025641 1.256410 -9700.944225
6.025641 1.358974 -9698.588459
6.025641 1.461538 -9696.167597
6.025641 1.564103 -9693.690588
6.025641 1.666667 -9691.169395
6.025641 1.769231 -9688.619623
6.025641 1.871795 -9686.061281
6.025641 1.974359 -9683.519714
6.025641 2.076923 -9681.026722
6.025641 2.179487 -9678.621939
6.025641 2.282051 -9676.354485
6.025641 2.384615 -9674.284949
6.025641 2.487179 -9672.487729
6.025641 2.589744 -9671.053716
6.025641 2.692308 -9670.093302
6.025641 2.794872 -9669.739605
6.025641 2.897436 -9670.151777
6.025641 3.000000 -9671.518141
7.282051 -1.000000 -9728.307167
7.282051 -0.897436 -9727.156453
7.282051 -0.794872 -9725.960673
7.282051 -0.692308 -9724.717911
7.282051 -0.589744 -9723.426176
7.282051 -0.487179 -9722.083417
7.282051 -0.384615 -9720.687541
7.282051 -0.282051 -9719.236430
7.282051 -0.179487 -9717.727975
7.282051 -0.076923 -9716.160112
7.282051 0.025641 -9714.530868
7.282051 0.128205 -9712.838428
7.282051 0.230769 -9711.081198
7.282051 0.333333 -9709.257903
7.282051 0.435897 -9707.367685
7.282051 0.538462 -9705.410231
7.282051 0.641026 -9703.385921
7.282051 0.743590 -9701.295989
7.282051 0.846154 -9699.142728
7.282051 0.948718 -9696.929706
7.282051 1.051282 -9694.662027
7.282051 1.153846 -9692.346625
7.282051 1.256410 -9689.992602
7.282051 1.358974 -9687.611627
7.282051 1.461538 -9685.218403
7.282051 1.564103 -9682.831221
7.282051 1.666667 -9680.472629
7.282051 1.769231 -9678.170250
7.282051 1.871795 -9675.957774
7.282051 1.974359 -9673.876177
7.282051 2.076923 -9671.975205
7.282051 2.179487 -9670.315156
7.282051 2.282051 -9668.968989
7.282051 2.384615 -9668.024772
7.282051 2.487179 -9667.588415
7.282051 2.589744 -9667.786621
7.282051 2.692308 -9668.769901
7.282051 2.794872 -9670.715455
7.282051 2.897436 -9673.829649
7.282051 3.000000 -9678.349830
8.538462 -1.000000 -9722.314999
8.538462 -0.897436 -9720.978090
8.538462 -0.794872 -9719.595848
8.538462 -0.692308 -9718.166662
8.538462 -0.589744 -9716.688906
8.538462 -0.487179 -9715.160970
8.538462 -0.384615 -9713.581289
8.538462 -0.282051 -9711.948394
8.538462 -0.179487 -9710.260961
8.538462 -0.076923 -9708.517881
8.538462 0.025641 -9706.718337
8.538462 0.128205 -9704.861901
8.538462 0.230769 -9702.948643
8.538462 0.333333 -9700.979256
8.538462 0.435897 -9698.955208
8.538462 0.538462 -9696.878903
8.538462 0.641026 -9694.753866
8.538462 0.743590 -9692.584956
8.538462 0.846154 -9690.378594
8.538462 0.948718 -9688.143027
8.538462 1.051282 -9685.888622
8.538462 1.153846 -9683.628203
8.538462 1.256410 -9681.377440
8.538462 1.358974 -9679.155318
8.538462 1.461538 -9676.984686
8.538462 1.564103 -9674.892948
8.538462 1.666667 -9672.912890
8.538462 1.769231 -9671.083724
8.538462 1.871795 -9669.452356
8.538462 1.974359 -9668.074939
8.538462 2.076923 -9667.018727
8.538462 2.179487 -9666.364254
8.538462 2.282051 -9666.207801
8.538462 2.384615 -9666.664107
8.538462 2.487179 -9667.869185
8.538462 2.589744 -9669.983084
8.538462 2.692308 -9673.192350
8.538462 2.794872 -9677.711943
8.538462 2.897436 -9683.786360
8.538462 3.000000 -9691.689791
9.794872 -1.000000 -9716.747030
9.794872 -0.897436 -9715.261700
9.794872 -0.794872 -9713.733098
9.794872 -0.692308 -9712.160006
9.794872 -0.589744 -9710.541273
9.794872 -0.487179 -9708.875860
9.794872 -0.384615 -9707.162900
9.794872 -0.282051 -9705.401765
9.794872 -0.179487 -9703.592145
9.794872 -0.076923 -9701.734149
9.794872 0.025641 -9699.828411
9.794872 0.128205 -9697.876216
9.794872 0.230769 -9695.879642
9.794872 0.333333 -9693.841715
9.794872 0.435897 -9691.766583
9.794872 0.538462 -9689.659706
9.794872 0.641026 -9687.528059
9.794872 0.743590 -9685.380360
9.794872 0.846154 -9683.227320
9.794872 0.948718 -9681.081916
9.794872 1.051282 -9678.959714
9.794872 1.153846 -9676.879238
9.794872 1.256410 -9674.862417
9.794872 1.358974 -9672.935129
9.794872 1.461538 -9671.127881
9.794872 1.564103 -9669.476654
9.794872 1.666667 -9668.023956
9.794872 1.769231 -9666.820123
9.794872 1.871795 -9665.924908
9.794872 1.974359 -9665.409368
9.794872 2.076923 -9665.358055
9.794872 2.179487 -9665.871475
9.794872 2.282051 -9667.068724
9.794872 2.384615 -9669.090160
9.794872 2.487179 -9672.099926
9.794872 2.589744 -9676.288078
9.794872 2.692308 -9681.872079
9.794872 2.794872 -9689.097453
9.794872 2.897436 -9698.237482
9.794872 3.000000 -9709.591962
11.051282 -1.000000 -9711.626046
11.051282 -0.897436 -9710.027452
11.051282 -0.794872 -9708.389247
11.051282 -0.692308 -9706.710680
11.051282 -0.589744 -9704.991170
11.051282 -0.487179 -9703.230374
11.051282 -0.384615 -9701.428268
11.051282 -0.282051 -9699.585241
11.051282 -0.179487 -9697.702202
11.051282 -0.076923 -9695.780698
11.051282 0.025641 -9693.823052
11.051282 0.128205 -9691.832506
11.051282 0.230769 -9689.813383
11.051282 0.333333 -9687.771258
11.051282 0.435897 -9685.713138
11.051282 0.538462 -9683.647662
11.051282 0.641026 -9681.585303
11.051282 0.743590 -9679.538601
11.051282 0.846154 -9677.522412
11.051282 0.948718 -9675.554203
11.051282 1.051282 -9673.654395
11.051282 1.153846 -9671.846786
11.051282 1.256410 -9670.159078
11.051282 1.358974 -9668.623541
11.051282 1.461538 -9667.277856
11.051282 1.564103 -9666.166164
11.051282 1.666667 -9665.340382
11.051282 1.769231 -9664.861788
11.051282 1.871795 -9664.802916
11.051282 1.974359 -9665.249729
11.051282 2.076923 -9666.304038
11.051282 2.179487 -9668.086054
11.051282 2.282051 -9670.736933
11.051282 2.384615 -9674.421107
11.051282 2.487179 -9679.328169
11.051282 2.589744 -9685.674089
11.051282 2.692308 -9693.701578
11.051282 2.794872 -9703.679528
11.051282 2.897436 -9715.901574
11.051282 3.000000 -9730.684006
12.307692 -1.000000 -9706.950104
12.307692 -0.897436 -9705.269079
12.307692 -0.794872 -9703.553182
12.307692 -0.692308 -9701.802208
12.307692 -0.589744 -9700.016248
12.307692 -0.487179 -9698.195780
12.307692 -0.384615 -9696.341770
12.307692 -0.282051 -9694.455790
12.307692 -0.179487 -9692.540141
12.307692 -0.076923 -9690.597992
12.307692 0.025641 -9688.633528
12.307692 0.128205 -9686.652107
12.307692 0.230769 -9684.660424
12.307692 0.333333 -9682.666681
12.307692 0.435897 -9680.680764
12.307692 0.538462 -9678.714431
12.307692 0.641026 -9676.781518
12.307692 0.743590 -9674.898156
12.307692 0.846154 -9673.083042
12.307692 0.948718 -9671.357748
12.307692 1.051282 -9669.747120
12.307692 1.153846 -9668.279781
12.307692 1.256410 -9666.988771
12.307692 1.358974 -9665.912372
12.307692 1.461538 -9665.095147
12.307692 1.564103 -9664.589234
12.307692 1.666667 -9664.455920
12.307692 1.769231 -9664.767507
12.307692 1.871795 -9665.609451
12.307692 1.974359 -9667.082724
12.307692 2.076923 -9669.306289
12.307692 2.179487 -9672.419541
12.307692 2.282051 -9676.584496
12.307692 2.384615 -9681.987532
12.307692 2.487179 -9688.840440
12.307692 2.589744 -9697.380633
12.307692 2.692308 -9707.870468
12.307692 2.794872 -9720.595746
12.307692 2.897436 -9735.863617
12.307692 3.000000 -9754.000235
13.564103 -1.000000 -9702.701922
13.564103 -0.897436 -9700.964658
13.564103 -0.794872 -9699.198010
13.564103 -0.692308 -9697.402410
13.564103 -0.589744 -9695.578735
13.564103 -0.487179 -9693.728410
13.564103 -0.384615 -9691.853532
13.564103 -0.282051 -9689.956997
13.564103 -0.179487 -9688.042643
13.564103 -0.076923 -9686.115387
13.564103 0.025641 -9684.181384
13.564103 0.128205 -9682.248174
13.564103 0.230769 -9680.324842
13.564103 0.333333 -9678.422176
13.564103 0.435897 -9676.552830
13.564103 0.538462 -9674.731501
13.564103 0.641026 -9672.975126
13.564103 0.743590 -9671.303113
13.564103 0.846154 -9669.737627
13.564103 0.948718 -9668.303956
13.564103 1.051282 -9667.030982
13.564103 1.153846 -9665.951796
13.564103 1.256410 -9665.104492
13.564103 1.358974 -9664.533179
13.564103 1.461538 -9664.289237
13.564103 1.564103 -9664.432859
13.564103 1.666667 -9665.034870
13.564103 1.769231 -9666.178813
13.564103 1.871795 -9667.963251
13.564103 1.974359 -9670.504171
13.564103 2.076923 -9673.937342
13.564103 2.179487 -9678.420428
13.564103 2.282051 -9684.134644
13.564103 2.384615 -9691.285739
13.564103 2.487179 -9700.104161
13.564103 2.589744 -9710.844356
13.564103 2.692308 -9723.783281
13.564103 2.794872 -9739.218347
13.564103 2.897436 -9757.465140
13.564103 3.000000 -9778.855299
14.820513 -1.000000 -9698.855664
14.820513 -0.897436 -9697.084070
14.820513 -0.794872 -9695.289146
14.820513 -0.692308 -9693.472064
14.820513 -0.589744 -9691.634598
14.820513 -0.487179 -9689.779243
14.820513 -0.384615 -9687.909346
14.820513 -0.282051 -9686.029243
14.820513 -0.179487 -9684.144402
14.820513 -0.076923 -9682.261559
14.820513 0.025641 -9680.388869
14.820513 0.128205 -9678.536037
14.820513 0.230769 -9676.714466
14.820513 0.333333 -9674.937394
14.820513 0.435897 -9673.220044
14.820513 0.538462 -9671.579796
14.820513 0.641026 -9670.036385
14.820513 0.743590 -9668.612159
14.820513 0.846154 -9667.332406
14.820513 0.948718 -9666.225800
14.820513 1.051282 -9665.324974
14.820513 1.153846 -9664.667280
14.820513 1.256410 -9664.295752
14.820513 1.358974 -9664.260322
14.820513 1.461538 -9664.619301
14.820513 1.564103 -9665.441143
14.820513 1.666667 -9666.806464
14.820513 1.769231 -9668.810281
14.820513 1.871795 -9671.564347
14.820513 1.974359 -9675.199455
14.820513 2.076923 -9679.867510
14.820513 2.179487 -9685.743164
14.820513 2.282051 -9693.024800
14.820513 2.384615 -9701.934733
14.820513 2.487179 -9712.718563
14.820513 2.589744 -9725.643748
14.820513 2.692308 -9740.997628
14.820513 2.794872 -9759.085190
14.820513 2.897436 -9780.226983
14.820513 3.000000 -9804.757517
16.076923 -1.000000 -9695.381567
16.076923 -0.897436 -9693.593888
16.076923 -0.794872 -9691.789408
16.076923 -0.692308 -9689.970145
16.076923 -0.589744 -9688.138873
16.076923 -0.487179 -9686.299261
16.076923 -0.384615 -9684.455998
16.076923 -0.282051 -9682.614935
16.076923 -0.179487 -9680.783212
16.076923 -0.076923 -9678.969397
16.076923 0.025641 -9677.183604
16.076923 0.128205 -9675.437617
16.076923 0.230769 -9673.745015
16.076923 0.333333 -9672.121288
16.076923 0.435897 -9670.583988
16.076923 0.538462 -9669.152895
16.076923 0.641026 -9667.850244
16.076923 0.743590 -9666.701019
16.076923 0.846154 -9665.733359
16.076923 0.948718 -9664.979092
16.076923 1.051282 -9664.474448
16.076923 1.153846 -9664.260966
16.076923 1.256410 -9664.386658
16.076923 1.358974 -9664.907412
16.076923 1.461538 -9665.888690
16.076923 1.564103 -9667.407474
16.076923 1.666667 -9669.554428
16.076923 1.769231 -9672.436175
16.076923 1.871795 -9676.177562
16.076923 1.974359 -9680.923722
16.076923 2.076923 -9686.841722
16.076923 2.179487 -9694.121619
16.076923 2.282051 -9702.976744
16.076923 2.384615 -9713.643167
16.076923 2.487179 -9726.378391
16.076923 2.589744 -9741.459460
16.076923 2.692308 -9759.180788
16.076923 2.794872 -9779.852068
16.076923 2.897436 -9803.796629
16.076923 3.000000 -9831.350500
17.333333 -1.000000 -9692.248919
17.333333 -0.897436 -9690.460389
17.333333 -0.794872 -9688.662026
17.333333 -0.692308 -9686.856785
17.333333 -0.589744 -9685.048535
17.333333 -0.487179 -9683.242190
17.333333 -0.384615 -9681.443843
17.333333 -0.282051 -9679.660885
17.333333 -0.179487 -9677.902131
17.333333 -0.076923 -9676.177927
17.333333 0.025641 -9674.500259
17.333333 0.128205 -9672.882850
17.333333 0.230769 -9671.341265
17.333333 0.333333 -9669.893027
17.333333 0.435897 -9668.557759
17.333333 0.538462 -9667.357377
17.333333 0.641026 -9666.316354
17.333333 0.743590 -9665.462077
17.333333 0.846154 -9664.825344
17.333333 0.948718 -9664.441018
17.333333 1.051282 -9664.348879
17.333333 1.153846 -9664.594711
17.333333 1.256410 -9665.231634
17.333333 1.358974 -9666.321715
17.333333 1.461538 -9667.937831
17.333333 1.564103 -9670.165751
17.333333 1.666667 -9673.106359
17.333333 1.769231 -9676.877880
17.333333 1.871795 -9681.617950
17.333333 1.974359 -9687.485321
17.333333 2.076923 -9694.661008
17.333333 2.179487 -9703.348715
17.333333 2.282051 -9713.774461
17.333333 2.384615 -9726.185423
17.333333 2.487179 -9740.848172
17.333333 2.589744 -9758.046565
17.333333 2.692308 -9778.079642
17.333333 2.794872 -9801.259897
17.333333 2.897436 -9827.912214
17.333333 3.000000 -9858.373613
18.589744 -1.000000 -9689.427838
18.589744 -0.897436 -9687.651272
18.589744 -0.794872 -9685.872265
18.589744 -0.692308 -9684.094784
18.589744 -0.589744 -9682.323857
18.589744 -0.487179 -9680.565697
18.589744 -0.384615 -9678.827814
18.589744 -0.282051 -9677.119136
18.589744 -0.179487 -9675.450096
18.589744 -0.076923 -9673.832735
18.589744 0.025641 -9672.280774
18.589744 0.128205 -9670.809704
18.589744 0.230769 -9669.436874
18.589744 0.333333 -9668.181608
18.589744 0.435897 -9667.065367
18.589744 0.538462 -9666.111975
18.589744 0.641026 -9665.347938
18.589744 0.743590 -9664.802887
18.589744 0.846154 -9664.510178
18.589744 0.948718 -9664.507682
18.589744 1.051282 -9664.838784
18.589744 1.153846 -9665.553641
18.589744 1.256410 -9666.710692
18.589744 1.358974 -9668.378430
18.589744 1.461538 -9670.637404
18.589744 1.564103 -9673.582371
18.589744 1.666667 -9677.324494
18.589744 1.769231 -9681.993427
18.589744 1.871795 -9687.739085
18.589744 1.974359 -9694.732920
18.589744 2.076923 -9703.168516
18.589744 2.179487 -9713.261409
18.589744 2.282051 -9725.248134
18.589744 2.384615 -9739.384606
18.589744 2.487179 -9755.944101
18.589744 2.589744 -9775.215149
18.589744 2.692308 -9797.499704
18.589744 2.794872 -9823.111908
18.589744 2.897436 -9852.377638
18.589744 3.000000 -9885.634856
19.846154 -1.000000 -9686.890250
19.846154 -0.897436 -9685.136539
19.846154 -0.794872 -9683.388185
19.846154 -0.692308 -9681.650231
19.846154 -0.589744 -9679.928902
19.846154 -0.487179 -9678.231722
19.846154 -0.384615 -9676.567610
19.846154 -0.282051 -9674.946978
19.846154 -0.179487 -9673.381798
19.846154 -0.076923 -9671.885678
19.846154 0.025641 -9670.473923
19.846154 0.128205 -9669.163603
19.846154 0.230769 -9667.973648
19.846154 0.333333 -9666.924975
19.846154 0.435897 -9666.040680
19.846154 0.538462 -9665.346314
19.846154 0.641026 -9664.870276
19.846154 0.743590 -9664.644358
19.846154 0.846154 -9664.704453
19.846154 0.948718 -9665.091484
19.846154 1.051282 -9665.852565
19.846154 1.153846 -9667.042412
19.846154 1.256410 -9668.725014
19.846154 1.358974 -9670.975540
19.846154 1.461538 -9673.882421
19.846154 1.564103 -9677.549514
19.846154 1.666667 -9682.098190
19.846154 1.769231 -9687.669190
19.846154 1.871795 -9694.424031
19.846154 1.974359 -9702.545797
19.846154 2.076923 -9712.239190
19.846154 2.179487 -9723.729799
19.846154 2.282051 -9737.262681
19.846154 2.384615 -9753.100454
19.846154 2.487179 -9771.521206
19.846154 2.589744 -9792.816570
19.846154 2.692308 -9817.290295
19.846154 2.794872 -9845.257560
19.846154 2.897436 -9877.045096
19.846154 3.000000 -9912.992018
21.102564 -1.000000 -9684.610340
21.102564 -0.897436 -9682.888844
21.102564 -0.794872 -9681.180894
21.102564 -0.692308 -9679.492642
21.102564 -0.589744 -9677.831526
21.102564 -0.487179 -9676.206369
21.102564 -0.384615 -9674.627455
21.102564 -0.282051 -9673.106601
21.102564 -0.179487 -9671.657208
21.102564 -0.076923 -9670.294312
21.102564 0.025641 -9669.034632
21.102564 0.128205 -9667.896638
21.102564 0.230769 -9666.900651
21.102564 0.333333 -9666.068999
21.102564 0.435897 -9665.426252
21.102564 0.538462 -9664.999564
21.102564 0.641026 -9664.819154
21.102564 0.743590 -9664.918945
21.102564 0.846154 -9665.337411
21.102564 0.948718 -9666.118634
21.102564 1.051282 -9667.313620
21.102564 1.153846 -9668.981856
21.102564 1.256410 -9671.193113
21.102564 1.358974 -9674.029453
21.102564 1.461538 -9677.587335
21.102564 1.564103 -9681.979718
21.102564 1.666667 -9687.337982
21.102564 1.769231 -9693.813471
21.102564 1.871795 -9701.578493
21.102564 1.974359 -9710.826617
21.102564 2.076923 -9721.772205
21.102564 2.179487 -9734.649224
21.102564 2.282051 -9749.709495
21.102564 2.384615 -9767.220649
21.102564 2.487179 -9787.464130
21.102564 2.589744 -9810.733577
21.102564 2.692308 -9837.333874
21.102564 2.794872 -9867.580996
21.102564 2.897436 -9901.802636
21.102564 3.000000 -9940.339371
22.358974 -1.000000 -9682.564697
22.358974 -0.897436 -9680.883544
22.358974 -0.794872 -9679.224492
22.358974 -0.692308 -9677.594813
22.358974 -0.589744 -9676.003149
22.358974 -0.487179 -9674.459580
22.358974 -0.384615 -9672.975688
22.358974 -0.282051 -9671.564596
22.358974 -0.179487 -9670.241009
22.358974 -0.076923 -9669.021241
22.358974 0.025641 -9667.923260
22.358974 0.128205 -9666.966767
22.358974 0.230769 -9666.173309
22.358974 0.333333 -9665.566480
22.358974 0.435897 -9665.172210
22.358974 0.538462 -9665.019183
22.358974 0.641026 -9665.139408
22.358974 0.743590 -9665.568978
22.358974 0.846154 -9666.349030
22.358974 0.948718 -9667.526952
22.358974 1.051282 -9669.157826
22.358974 1.153846 -9671.306126
22.358974 1.256410 -9674.047620
22.358974 1.358974 -9677.471424
22.358974 1.461538 -9681.682092
22.358974 1.564103 -9686.801592
22.358974 1.666667 -9692.970981
22.358974 1.769231 -9700.351611
22.358974 1.871795 -9709.125686
22.358974 1.974359 -9719.496078
22.358974 2.076923 -9731.685409
22.358974 2.179487 -9745.934502
22.358974 2.282051 -9762.500432
22.358974 2.384615 -9781.654491
22.358974 2.487179 -9803.680401
22.358974 2.589744 -9828.873096
22.358974 2.692308 -9857.538256
22.358974 2.794872 -9889.992657
22.358974 2.897436 -9926.565185
22.358974 3.000000 -9967.598188
23.615385 -1.000000 -9680.732260
23.615385 -0.897436 -9679.098582
23.615385 -0.794872 -9677.495886
23.615385 -0.692308 -9675.932561
23.615385 -0.589744 -9674.418416
23.615385 -0.487179 -9672.964731
23.615385 -0.384615 -9671.584297
23.615385 -0.282051 -9670.291435
23.615385 -0.179487 -9669.102015
23.615385 -0.076923 -9668.033483
23.615385 0.025641 -9667.104904
23.615385 0.128205 -9666.337057
23.615385 0.230769 -9665.752585
23.615385 0.333333 -9665.376239
23.615385 0.435897 -9665.235236
23.615385 0.538462 -9665.359761
23.615385 0.641026 -9665.783636
23.615385 0.743590 -9666.545190
23.615385 0.846154 -9667.688350
23.615385 0.948718 -9669.263967
23.615385 1.051282 -9671.331401
23.615385 1.153846 -9673.960310
23.615385 1.256410 -9677.232636
23.615385 1.358974 -9681.244658
23.615385 1.461538 -9686.109005
23.615385 1.564103 -9691.956453
23.615385 1.666667 -9698.937317
23.615385 1.769231 -9707.222271
23.615385 1.871795 -9717.002470
23.615385 1.974359 -9728.488929
23.615385 2.076923 -9741.911220
23.615385 2.179487 -9757.515680
23.615385 2.282051 -9775.563380
23.615385 2.384615 -9796.328221
23.615385 2.487179 -9820.095446
23.615385 2.589744 -9847.160860
23.615385 2.692308 -9877.830837
23.615385 2.794872 -9912.423095
23.615385 2.897436 -9951.267982
23.615385 3.000000 -9994.709880
24.871795 -1.000000 -9679.094171
24.871795 -0.897436 -9677.514274
24.871795 -0.794872 -9675.974526
24.871795 -0.692308 -9674.484404
24.871795 -0.589744 -9673.054835
24.871795 -0.487179 -9671.698224
24.871795 -0.384615 -9670.428471
24.871795 -0.282051 -9669.260974
24.871795 -0.179487 -9668.212638
24.871795 -0.076923 -9667.301900
24.871795 0.025641 -9666.548785
24.871795 0.128205 -9665.975026
24.871795 0.230769 -9665.604257
24.871795 0.333333 -9665.462316
24.871795 0.435897 -9665.577674
24.871795 0.538462 -9665.982026
24.871795 0.641026 -9666.711061
24.871795 0.743590 -9667.805446
24.871795 0.846154 -9669.312033
24.871795 0.948718 -9671.285318
24.871795 1.051282 -9673.789119
24.871795 1.153846 -9676.898462
24.871795 1.256410 -9680.701591
24.871795 1.358974 -9685.301989
24.871795 1.461538 -9690.820264
24.871795 1.564103 -9697.395717
24.871795 1.666667 -9705.187410
24.871795 1.769231 -9714.374603
24.871795 1.871795 -9725.156449
24.871795 1.974359 -9737.750991
24.871795 2.076923 -9752.393567
24.871795 2.179487 -9769.334865
24.871795 2.282051 -9788.838938
24.871795 2.384615 -9811.181503
24.871795 2.487179 -9836.648827
24.871795 2.589744 -9865.537376
24.871795 2.692308 -9898.154265
24.871795 2.794872 -9934.818364
24.871795 2.897436 -9975.861745
24.871795 3.000000 -10021.630997
26.128205 -1.000000 -9677.633586
26.128205 -0.897436 -9676.113079
26.128205 -0.794872 -9674.642126
26.128205 -0.692308 -9673.231248
26.128205 -0.589744 -9671.892426
26.128205 -0.487179 -9670.639102
26.128205 -0.384615 -9669.486179
26.128205 -0.282051 -9668.450014
26.128205 -0.179487 -9667.548419
26.128205 -0.076923 -9666.800694
26.128205 0.025641 -9666.227709
26.128205 0.128205 -9665.852051
26.128205 0.230769 -9665.698276
26.128205 0.333333 -9665.793268
26.128205 0.435897 -9666.166751
26.128205 0.538462 -9666.851969
26.128205 0.641026 -9667.886560
26.128205 0.743590 -9669.313645
26.128205 0.846154 -9671.183158
26.128205 0.948718 -9673.553404
26.128205 1.051282 -9676.492836
26.128205 1.153846 -9680.081993
26.128205 1.256410 -9684.415503
26.128205 1.358974 -9689.604033
26.128205 1.461538 -9695.775995
26.128205 1.564103 -9703.078855
26.128205 1.666667 -9711.679863
26.128205 1.769231 -9721.766093
26.128205 1.871795 -9733.543765
26.128205 1.974359 -9747.236910
26.128205 2.076923 -9763.085576
26.128205 2.179487 -9781.343829
26.128205 2.282051 -9802.277897
26.128205 2.384615 -9826.164749
26.128205 2.487179 -9853.291373
26.128205 2.589744 -9883.954845
26.128205 2.692308 -9918.463153
26.128205 2.794872 -9957.136550
26.128205 2.897436 -10000.309054
26.128205 3.000000 -10048.329543
27.384615 -1.000000 -9676.335461
27.384615 -0.897436 -9674.879358
27.384615 -0.794872 -9673.482397
27.384615 -0.692308 -9672.156092
27.384615 -0.589744 -9670.913399
27.384615 -0.487179 -9669.768706
27.384615 -0.384615 -9668.737812
27.384615 -0.282051 -9667.837915
27.384615 -0.179487 -9667.087618
27.384615 -0.076923 -9666.506975
27.384615 0.025641 -9666.117603
27.384615 0.128205 -9665.942876
27.384615 0.230769 -9666.008221
27.384615 0.333333 -9666.341563
27.384615 0.435897 -9666.973902
27.384615 0.538462 -9667.940096
27.384615 0.641026 -9669.279826
27.384615 0.743590 -9671.038802
27.384615 0.846154 -9673.270188
27.384615 0.948718 -9676.036265
27.384615 1.051282 -9679.410270
27.384615 1.153846 -9683.478361
27.384615 1.256410 -9688.341588
27.384615 1.358974 -9694.117712
27.384615 1.461538 -9700.942715
27.384615 1.564103 -9708.971812
27.384615 1.666667 -9718.379837
27.384615 1.769231 -9729.360910
27.384615 1.871795 -9742.127420
27.384615 1.974359 -9756.908441
27.384615 2.076923 -9773.947808
27.384615 2.179487 -9793.502165
27.384615 2.282051 -9815.839298
27.384615 2.384615 -9841.237045
27.384615 2.487179 -9869.982963
27.384615 2.589744 -9902.374786
27.384615 2.692308 -9938.721558
27.384615 2.794872 -9979.345135
27.384615 2.897436 -10024.581640
27.384615 3.000000 -10074.782228
28.641026 -1.000000 -9675.186353
28.641026 -0.897436 -9673.799144
28.641026 -0.794872 -9672.480799
28.641026 -0.692308 -9671.243757
28.641026 -0.589744 -9670.101871
28.641026 -0.487179 -9669.070376
28.641026 -0.384615 -9668.165862
28.641026 -0.282051 -9667.406262
28.641026 -0.179487 -9666.810864
28.641026 -0.076923 -9666.400385
28.641026 0.025641 -9666.197116
28.641026 0.128205 -9666.225167
28.641026 0.230769 -9666.510823
28.641026 0.333333 -9667.083057
28.641026 0.435897 -9667.974195
28.641026 0.538462 -9669.220784
28.641026 0.641026 -9670.864664
28.641026 0.743590 -9672.954262
28.641026 0.846154 -9675.546127
28.641026 0.948718 -9678.706658
28.641026 1.051282 -9682.514002
28.641026 1.153846 -9687.060009
28.641026 1.256410 -9692.452129
28.641026 1.358974 -9698.815081
28.641026 1.461538 -9706.292124
28.641026 1.564103 -9715.045764
28.641026 1.666667 -9725.257795
28.641026 1.769231 -9737.128628
28.641026 1.871795 -9750.875985
28.641026 1.974359 -9766.733127
28.641026 2.076923 -9784.946896
28.641026 2.179487 -9805.775864
28.641026 2.282051 -9829.488922
28.641026 2.384615 -9856.364535
28.641026 2.487179 -9886.690789
28.641026 2.589744 -9920.766192
28.641026 2.692308 -9958.901035
28.641026 2.794872 -10001.418972
28.641026 2.897436 -10048.658324
28.641026 3.000000 -10100.972422
29.897436 -1.000000 -9674.174231
29.897436 -0.897436 -9672.859942
29.897436 -0.794872 -9671.624318
29.897436 -0.692308 -9670.480656
29.897436 -0.589744 -9669.443617
29.897436 -0.487179 -9668.529189
29.897436 -0.384615 -9667.754656
29.897436 -0.282051 -9667.138582
29.897436 -0.179487 -9666.700856
29.897436 -0.076923 -9666.462782
29.897436 0.025641 -9666.447276
29.897436 0.128205 -9666.679152
29.897436 0.230769 -9667.185557
29.897436 0.333333 -9667.996545
29.897436 0.435897 -9669.145829
29.897436 0.538462 -9670.671739
29.897436 0.641026 -9672.618385
29.897436 0.743590 -9675.037048
29.897436 0.846154 -9677.987797
29.897436 0.948718 -9681.541284
29.897436 1.051282 -9685.780659
29.897436 1.153846 -9690.803494
29.897436 1.256410 -9696.723576
29.897436 1.358974 -9703.672393
29.897436 1.461538 -9711.800144
29.897436 1.564103 -9721.276142
29.897436 1.666667 -9732.288515
29.897436 1.769231 -9745.043237
29.897436 1.871795 -9759.762589
29.897436 1.974359 -9776.683272
29.897436 2.076923 -9796.054473
29.897436 2.179487 -9818.136186
29.897436 2.282051 -9843.198087
29.897436 2.384615 -9871.519138
29.897436 2.487179 -9903.387991
29.897436 2.589744 -9939.104076
29.897436 2.692308 -9978.979123
29.897436 2.794872 -10023.338732
29.897436 2.897436 -10072.523449
29.897436 3.000000 -10126.888598
31.153846 -1.000000 -9673.288301
31.153846 -0.897436 -9672.050537
31.153846 -0.794872 -9670.901274
31.153846 -0.692308 -9669.854585
31.153846 -0.589744 -9668.925859
31.153846 -0.487179 -9668.131744
31.153846 -0.384615 -9667.490121
31.153846 -0.282051 -9667.020106
31.153846 -0.179487 -9666.742110
31.153846 -0.076923 -9666.677971
31.153846 0.025641 -9666.851193
31.153846 0.128205 -9667.287292
31.153846 0.230769 -9668.014292
31.153846 0.333333 -9669.063374
31.153846 0.435897 -9670.469715
31.153846 0.538462 -9672.273523
31.153846 0.641026 -9674.521296
31.153846 0.743590 -9677.267298
31.153846 0.846154 -9680.575247
31.153846 0.948718 -9684.520154
31.153846 1.051282 -9689.190236
31.153846 1.153846 -9694.688783
31.153846 1.256410 -9701.135811
31.153846 1.358974 -9708.669347
31.153846 1.461538 -9717.446162
31.153846 1.564103 -9727.641869
31.153846 1.666667 -9739.450320
31.153846 1.769231 -9753.082363
31.153846 1.871795 -9768.764136
31.153846 1.974359 -9786.735128
31.153846 2.076923 -9807.246330
31.153846 2.179487 -9830.558771
31.153846 2.282051 -9856.942698
31.153846 2.384615 -9886.677529
31.153846 2.487179 -9920.052568
31.153846 2.589744 -9957.368330
31.153846 2.692308 -9998.938152
31.153846 2.794872 -10045.089688
31.153846 2.897436 -10096.165672
31.153846 3.000000 -10152.523157
32.410256 -1.000000 -9672.518855
32.410256 -0.897436 -9671.360842
32.410256 -0.794872 -9670.301149
32.410256 -0.692308 -9669.354555
32.410256 -0.589744 -9668.537086
32.410256 -0.487179 -9667.865966
32.410256 -0.384615 -9667.359592
32.410256 -0.282051 -9667.037558
32.410256 -0.179487 -9666.920737
32.410256 -0.076923 -9667.031463
32.410256 0.025641 -9667.393811
32.410256 0.128205 -9668.034007
32.410256 0.230769 -9668.980983
32.410256 0.333333 -9670.267110
32.410256 0.435897 -9671.929105
32.410256 0.538462 -9674.009158
32.410256 0.641026 -9676.556269
32.410256 0.743590 -9679.627807
32.410256 0.846154 -9683.291252
32.410256 0.948718 -9687.626058
32.410256 1.051282 -9692.725546
32.410256 1.153846 -9698.698679
32.410256 1.256410 -9705.671561
32.410256 1.358974 -9713.788488
32.410256 1.461538 -9723.212416
32.410256 1.564103 -9734.124751
32.410256 1.666667 -9746.724468
32.410256 1.769231 -9761.226653
32.410256 1.871795 -9777.860674
32.410256 1.974359 -9796.868250
32.410256 2.076923 -9818.501737
32.410256 2.179487 -9843.022915
32.410256 2.282051 -9870.702479
32.410256 2.384615 -9901.820317
32.410256 2.487179 -9936.666507
32.410256 2.589744 -9975.542807
32.410256 2.692308 -10018.764308
32.410256 2.794872 -10066.660772
32.410256 2.897436 -10119.577026
32.410256 3.000000 -10177.871524
33.666667 -1.000000 -9671.857138
33.666667 -0.897436 -9670.781752
33.666667 -0.794872 -9669.814448
33.666667 -0.692308 -9668.970634
33.666667 -0.589744 -9668.266895
33.666667 -0.487179 -9667.720951
33.666667 -0.384615 -9667.351644
33.666667 -0.282051 -9667.178981
33.666667 -0.179487 -9667.224258
33.666667 -0.076923 -9667.510278
33.666667 0.025641 -9668.061686
33.666667 0.128205 -9668.905435
33.666667 0.230769 -9670.071417
33.666667 0.333333 -9671.593251
33.666667 0.435897 -9673.509283
33.666667 0.538462 -9675.863785
33.666667 0.641026 -9678.708373
33.666667 0.743590 -9682.103632
33.666667 0.846154 -9686.120897
33.666667 0.948718 -9690.844131
33.666667 1.051282 -9696.371763
33.666667 1.153846 -9702.818355
33.666667 1.256410 -9710.315917
33.666667 1.358974 -9719.014728
33.666667 1.461538 -9729.083519
33.666667 1.564103 -9740.708988
33.666667 1.666667 -9754.094666
33.666667 1.769231 -9769.459289
33.666667 1.871795 -9787.034898
33.666667 1.974359 -9807.064974
33.666667 2.076923 -9829.802895
33.666667 2.179487 -9855.510989
33.666667 2.282051 -9884.460344
33.666667 2.384615 -9916.931380
33.666667 2.487179 -9953.215079
33.666667 2.589744 -9993.614597
33.666667 2.692308 -10038.446886
33.666667 2.794872 -10088.043830
33.666667 2.897436 -10142.752197
33.666667 3.000000 -10202.931455
34.923077 -1.000000 -9671.295233
34.923077 -0.897436 -9670.305024
34.923077 -0.794872 -9669.432568
34.923077 -0.692308 -9668.693823
34.923077 -0.589744 -9668.105862
34.923077 -0.487179 -9667.686828
34.923077 -0.384615 -9667.455945
34.923077 -0.282051 -9667.433588
34.923077 -0.179487 -9667.641441
34.923077 -0.076923 -9668.102768
34.923077 0.025641 -9668.842792
34.923077 0.128205 -9669.889229
34.923077 0.230769 -9671.272975
34.923077 0.333333 -9673.028976
34.923077 0.435897 -9675.197292
34.923077 0.538462 -9677.824376
34.923077 0.641026 -9680.964566
34.923077 0.743590 -9684.681759
34.923077 0.846154 -9689.051231
34.923077 0.948718 -9694.161488
34.923077 1.051282 -9700.116048
34.923077 1.153846 -9707.034962
34.923077 1.256410 -9715.055946
34.923077 1.358974 -9724.334948
34.923077 1.461538 -9735.046064
34.923077 1.564103 -9747.380791
34.923077 1.666667 -9761.546682
34.923077 1.769231 -9777.765588
34.923077 1.871795 -9796.271743
34.923077 1.974359 -9817.309998
34.923077 2.076923 -9841.134486
34.923077 2.179487 -9868.007959
34.923077 2.282051 -9898.201890
34.923077 2.384615 -9931.997320
34.923077 2.487179 -9969.686272
34.923077 2.589744 -10011.573433
34.923077 2.692308 -10057.977696
34.923077 2.794872 -10109.233033
34.923077 2.897436 -10165.687953
34.923077 3.000000 -10227.702501
36.179487 -1.000000 -9670.825955
36.179487 -0.897436 -9669.923176
36.179487 -0.794872 -9669.147694
36.179487 -0.692308 -9668.515949
36.179487 -0.589744 -9668.045428
36.179487 -0.487179 -9667.754640
36.179487 -0.384615 -9667.663137
36.179487 -0.282051 -9667.791624
36.179487 -0.179487 -9668.162159
36.179487 -0.076923 -9668.798463
36.179487 0.025641 -9669.726361
36.179487 0.128205 -9670.974368
36.179487 0.230769 -9672.574446
36.179487 0.333333 -9674.562938
36.179487 0.435897 -9676.981706
36.179487 0.538462 -9679.879483
36.179487 0.641026 -9683.313424
36.179487 0.743590 -9687.350829
36.179487 0.846154 -9692.070971
36.179487 0.948718 -9697.566922
36.179487 1.051282 -9703.947234
36.179487 1.153846 -9711.337320
36.179487 1.256410 -9719.880374
36.179487 1.358974 -9729.737686
36.179487 1.461538 -9741.088308
36.179487 1.564103 -9754.128063
36.179487 1.666667 -9769.068027
36.179487 1.769231 -9786.132687
36.179487 1.871795 -9805.558053
36.179487 1.974359 -9827.590029
36.179487 2.076923 -9852.483310
36.179487 2.179487 -9880.500994
36.179487 2.282051 -9911.914975
36.179487 2.384615 -9947.007020
36.179487 2.487179 -9986.070326
36.179487 2.589744 -10029.411223
36.179487 2.692308 -10077.350589
36.179487 2.794872 -10130.224416
36.179487 2.897436 -10188.382702
36.179487 3.000000 -10252.185592
37.435897 -1.000000 -9670.442769
37.435897 -0.897436 -9669.629397
37.435897 -0.794872 -9668.952709
37.435897 -0.692308 -9668.429564
37.435897 -0.589744 -9668.077803
37.435897 -0.487179 -9667.916242
37.435897 -0.384615 -9667.964724
37.435897 -0.282051 -9668.244260
37.435897 -0.179487 -9668.777270
37.435897 -0.076923 -9669.587945
37.435897 0.025641 -9670.702737
37.435897 0.128205 -9672.151009
37.435897 0.230769 -9673.965850
37.435897 0.333333 -9676.185073
37.435897 0.435897 -9678.852432
37.435897 0.538462 -9682.019029
37.435897 0.641026 -9685.744926
37.435897 0.743590 -9690.100899
37.435897 0.846154 -9695.170264
37.435897 0.948718 -9701.050650
37.435897 1.051282 -9707.855574
37.435897 1.153846 -9715.715658
37.435897 1.256410 -9724.779324
37.435897 1.358974 -9735.212878
37.435897 1.461538 -9747.199920
37.435897 1.564103 -9760.940147
37.435897 1.666667 -9776.647701
37.435897 1.769231 -9794.549278
37.435897 1.871795 -9814.882311
37.435897 1.974359 -9837.893503
37.435897 2.076923 -9863.837971
37.435897 2.179487 -9892.979135
37.435897 2.282051 -9925.589368
37.435897 2.384615 -9961.951276
37.435897 2.487179 -10002.359352
37.435897 2.589744 -10047.121659
37.435897 2.692308 -10096.561076
37.435897 2.794872 -10151.015499
37.435897 2.897436 -10210.836135
37.435897 3.000000 -10276.382711
38.692308 -1.000000 -9670.139715
38.692308 -0.897436 -9669.417467
38.692308 -0.794872 -9668.841114
38.692308 -0.692308 -9668.427871
38.692308 -0.589744 -9668.195878
38.692308 -0.487179 -9668.164216
38.692308 -0.384615 -9668.352986
38.692308 -0.282051 -9668.783488
38.692308 -0.179487 -9669.478508
38.692308 -0.076923 -9670.462723
38.692308 0.025641 -9671.763249
38.692308 0.128205 -9673.410345
38.692308 0.230769 -9675.438288
38.692308 0.333333 -9677.886444
38.692308 0.435897 -9680.800536
38.692308 0.538462 -9684.234124
38.692308 0.641026 -9688.250255
38.692308 0.743590 -9692.923244
38.692308 0.846154 -9698.340472
38.692308 0.948718 -9704.604103
38.692308 1.051282 -9711.832526
38.692308 1.153846 -9720.161395
38.692308 1.256410 -9729.744108
38.692308 1.358974 -9740.751647
38.692308 1.461538 -9753.371766
38.692308 1.564103 -9767.807615
38.692308 1.666667 -9784.275980
38.692308 1.769231 -9803.005394
38.692308 1.871795 -9824.234411
38.692308 1.974359 -9848.210340
38.692308 2.076923 -9875.188629
38.692308 2.179487 -9905.433025
38.692308 2.282051 -9939.216460
38.692308 2.384615 -9976.822492
38.692308 2.487179 -10018.547021
38.692308 2.589744 -10064.699908
38.692308 2.692308 -10115.606013
38.692308 2.794872 -10171.604996
38.692308 2.897436 -10233.048952
38.692308 3.000000 -10300.296643
39.948718 -1.000000 -9669.911337
39.948718 -0.897436 -9669.281693
39.948718 -0.794872 -9668.806959
39.948718 -0.692308 -9668.504650
39.948718 -0.589744 -9668.393160
39.948718 -0.487179 -9668.491795
39.948718 -0.384615 -9668.820894
39.948718 -0.282051 -9669.402040
39.948718 -0.179487 -9670.258392
39.948718 -0.076923 -9671.415139
39.948718 0.025641 -9672.900100
39.948718 0.128205 -9674.744483
39.948718 0.230769 -9676.983820
39.948718 0.333333 -9679.659099
39.948718 0.435897 -9682.818098
39.948718 0.538462 -9686.516911
39.948718 0.641026 -9690.821641
39.948718 0.743590 -9695.810186
39.948718 0.846154 -9701.574006
39.948718 0.948718 -9708.219752
39.948718 1.051282 -9715.870573
39.948718 1.153846 -9724.666968
39.948718 1.256410 -9734.767043
39.948718 1.358974 -9746.346125
39.948718 1.461538 -9759.595741
39.948718 1.564103 -9774.722097
39.948718 1.666667 -9791.944245
39.948718 1.769231 -9811.492224
39.948718 1.871795 -9833.605471
39.948718 1.974359 -9858.531745
39.948718 2.076923 -9886.526778
39.948718 2.179487 -9917.854678
39.948718 2.282051 -9952.789023
39.948718 2.384615 -9991.614432
39.948718 2.487179 -10034.628305
39.948718 2.589744 -10082.142347
39.948718 2.692308 -10134.483353
39.948718 2.794872 -10191.992572
39.948718 2.897436 -10255.022635
39.948718 3.000000 -10323.930773
41.205128 -1.000000 -9669.752636
41.205128 -0.897436 -9669.216856
41.205128 -0.794872 -9668.844788
41.205128 -0.692308 -9668.654201
41.205128 -0.589744 -9668.663701
41.205128 -0.487179 -9668.892793
41.205128 -0.384615 -9669.362040
41.205128 -0.282051 -9670.093307
41.205128 -0.179487 -9671.110141
41.205128 -0.076923 -9672.438275
41.205128 0.025641 -9674.106272
41.205128 0.128205 -9676.146345
41.205128 0.230769 -9678.595346
41.205128 0.333333 -9681.495958
41.205128 0.435897 -9684.898086
41.205128 0.538462 -9688.860433
41.205128 0.641026 -9693.452218
41.205128 0.743590 -9698.754954
41.205128 0.846154 -9704.864174
41.205128 0.948718 -9711.890954
41.205128 1.051282 -9719.963076
41.205128 1.153846 -9729.225681
41.205128 1.256410 -9739.841313
41.205128 1.358974 -9751.989315
41.205128 1.461538 -9765.864627
41.205128 1.564103 -9781.676140
41.205128 1.666667 -9799.644832
41.205128 1.769231 -9820.001972
41.205128 1.871795 -9842.987672
41.205128 1.974359 -9868.850041
41.205128 2.076923 -9897.845072
41.205128 2.179487 -9930.237286
41.205128 2.282051 -9966.301002
41.205128 2.384615 -10006.322003
41.205128 2.487179 -10050.599267
41.205128 2.589744 -10099.446360
41.205128 2.692308 -10153.191943
41.205128 2.794872 -10212.178652
41.205128 2.897436 -10276.759277
41.205128 3.000000 -10347.288935
42.461538 -1.000000 -9669.659014
42.461538 -0.897436 -9669.218153
42.461538 -0.794872 -9668.949586
42.461538 -0.692308 -9668.871289
42.461538 -0.589744 -9669.002049
42.461538 -0.487179 -9669.361553
42.461538 -0.384615 -9669.970574
42.461538 -0.282051 -9670.851272
42.461538 -0.179487 -9672.027603
42.461538 -0.076923 -9673.525874
42.461538 0.025641 -9675.375441
42.461538 0.128205 -9677.609574
42.461538 0.230769 -9680.266510
42.461538 0.333333 -9683.390698
42.461538 0.435897 -9687.034242
42.461538 0.538462 -9691.258517
42.461538 0.641026 -9696.135907
42.461538 0.743590 -9701.751560
42.461538 0.846154 -9708.205061
42.461538 0.948718 -9715.611833
42.461538 1.051282 -9724.104149
42.461538 1.153846 -9733.831582
42.461538 1.256410 -9744.960842
42.461538 1.358974 -9757.674969
42.461538 1.461538 -9772.171970
42.461538 1.564103 -9788.663085
42.461538 1.666667 -9807.370916
42.461538 1.769231 -9828.527718
42.461538 1.871795 -9852.374124
42.461538 1.974359 -9879.158517
42.461538 2.076923 -9909.137162
42.461538 2.179487 -9942.575054
42.461538 2.282051 -9979.747348
42.461538 2.384615 -10020.941084
42.461538 2.487179 -10066.456880
42.461538 2.589744 -10116.610160
42.461538 2.692308 -10171.731357
42.461538 2.794872 -10232.164267
42.461538 2.897436 -10298.261439
42.461538 3.000000 -10370.375282
43.717949 -1.000000 -9669.626236
43.717949 -0.897436 -9669.281161
43.717949 -0.794872 -9669.116733
43.717949 -0.692308 -9669.151099
43.717949 -0.589744 -9669.403200
43.717949 -0.487179 -9669.892888
43.717949 -0.384615 -9670.641153
43.717949 -0.282051 -9671.670457
43.717949 -0.179487 -9673.005190
43.717949 -0.076923 -9674.672272
43.717949 0.025641 -9676.701897
43.717949 0.128205 -9679.128450
43.717949 0.230769 -9681.991615
43.717949 0.333333 -9685.337673
43.717949 0.435897 -9689.220991
43.717949 0.538462 -9693.705676
43.717949 0.641026 -9698.867311
43.717949 0.743590 -9704.794694
43.717949 0.846154 -9711.591420
43.717949 0.948718 -9719.377171
43.717949 1.051282 -9728.288554
43.717949 1.153846 -9738.479362
43.717949 1.256410 -9750.120198
43.717949 1.358974 -9763.397489
43.717949 1.461538 -9778.511987
43.717949 1.564103 -9795.676972
43.717949 1.666667 -9815.116402
43.717949 1.769231 -9837.063318
43.717949 1.871795 -9861.758751
43.717949 1.974359 -9889.451315
43.717949 2.076923 -9920.397569
43.717949 2.179487 -9954.863061
43.717949 2.282051 -9993.123870
43.717949 2.384615 -10035.468377
43.717949 2.487179 -10082.198880
43.717949 2.589744 -10133.632645
43.717949 2.692308 -10190.101756
43.717949 2.794872 -10251.950923
43.717949 2.897436 -10319.532038
43.717949 3.000000 -10393.194196
44.974359 -1.000000 -9669.650391
44.974359 -0.897436 -9669.401799
44.974359 -0.794872 -9669.341970
44.974359 -0.692308 -9669.489196
44.974359 -0.589744 -9669.862550
44.974359 -0.487179 -9670.482044
44.974359 -0.384615 -9671.368887
44.974359 -0.282051 -9672.545860
44.974359 -0.179487 -9674.037820
44.974359 -0.076923 -9675.872335
44.974359 0.025641 -9678.080485
44.974359 0.128205 -9680.697825
44.974359 0.230769 -9683.765547
44.974359 0.333333 -9687.331826
44.974359 0.435897 -9691.453356
44.974359 0.538462 -9696.197020
44.974359 0.641026 -9701.641634
44.974359 0.743590 -9707.879636
44.974359 0.846154 -9715.018585
44.974359 0.948718 -9723.182318
44.974359 1.051282 -9732.511616
44.974359 1.153846 -9743.164267
44.974359 1.256410 -9755.314503
44.974359 1.358974 -9769.151842
44.974359 1.461538 -9784.879478
44.974359 1.564103 -9802.712451
44.974359 1.666667 -9822.875842
44.974359 1.769231 -9845.603310
44.974359 1.871795 -9871.136192
44.974359 1.974359 -9899.723315
44.974359 2.076923 -9931.621573
44.974359 2.179487 -9967.097141
44.974359 2.282051 -10006.427114
44.974359 2.384615 -10049.901279
44.974359 2.487179 -10097.823646
44.974359 2.589744 -10150.513279
44.974359 2.692308 -10208.303781
44.974359 2.794872 -10271.540506
44.974359 2.897436 -10340.574255
44.974359 3.000000 -10415.750208
46.230769 -1.000000 -9669.727865
46.230769 -0.897436 -9669.576292
46.230769 -0.794872 -9669.621364
46.230769 -0.692308 -9669.881490
46.230769 -0.589744 -9670.375864
46.230769 -0.487179 -9671.124654
46.230769 -0.384615 -9672.149298
46.230769 -0.282051 -9673.472919
46.230769 -0.179487 -9675.120868
46.230769 -0.076923 -9677.121404
46.230769 0.025641 -9679.506540
46.230769 0.128205 -9682.313057
46.230769 0.230769 -9685.583710
46.230769 0.333333 -9689.368629
46.230769 0.435897 -9693.726887
46.230769 0.538462 -9698.728188
46.230769 0.641026 -9704.454598
46.230769 0.743590 -9711.002179
46.230769 0.846154 -9718.482394
46.230769 0.948718 -9727.023121
46.230769 1.051282 -9736.769143
46.230769 1.153846 -9747.882026
46.230769 1.256410 -9760.539367
46.230769 1.358974 -9774.933491
46.230769 1.461538 -9791.269758
46.230769 1.564103 -9809.764712
46.230769 1.666667 -9830.644357
46.230769 1.769231 -9854.142833
46.230769 1.871795 -9880.501715
46.230769 1.974359 -9909.970048
46.230769 2.076923 -9942.805111
46.230769 2.179487 -9979.273783
46.230769 2.282051 -10019.654255
46.230769 2.384615 -10064.237780
46.230769 2.487179 -10113.330091
46.230769 2.589744 -10167.251995
46.230769 2.692308 -10226.338458
46.230769 2.794872 -10290.935191
46.230769 2.897436 -10361.391466
46.230769 3.000000 -10438.047941
47.487179 -1.000000 -9669.855304
47.487179 -0.897436 -9669.801143
47.487179 -0.794872 -9669.951274
47.487179 -0.692308 -9670.324204
47.487179 -0.589744 -9670.939238
47.487179 -0.487179 -9671.816703
47.487179 -0.384615 -9672.978282
47.487179 -0.282051 -9674.447462
47.487179 -0.179487 -9676.250121
47.487179 -0.076923 -9678.415250
47.487179 0.025641 -9680.975841
47.487179 0.128205 -9683.969953
47.487179 0.230769 -9687.441965
47.487179 0.333333 -9691.444013
47.487179 0.435897 -9696.037599
47.487179 0.538462 -9701.295281
47.487179 0.641026 -9707.302383
47.487179 0.743590 -9714.158566
47.487179 0.846154 -9721.979124
47.487179 0.948718 -9730.895856
47.487179 1.051282 -9741.057371
47.487179 1.153846 -9752.628790
47.487179 1.256410 -9765.790824
47.487179 1.358974 -9780.738338
47.487179 1.461538 -9797.678596
47.487179 1.564103 -9816.829424
47.487179 1.666667 -9838.417573
47.487179 1.769231 -9862.677557
47.487179 1.871795 -9889.851147
47.487179 1.974359 -9920.187618
47.487179 2.076923 -9953.944696
47.487179 2.179487 -9991.390042
47.487179 2.282051 -10032.803013
47.487179 2.384615 -10078.476375
47.487179 2.487179 -10128.717582
47.487179 2.589744 -10183.849110
47.487179 2.692308 -10244.207120
47.487179 2.794872 -10310.137382
47.487179 2.897436 -10381.987180
47.487179 3.000000 -10460.092062
48.743590 -1.000000 -9670.029600
48.743590 -0.897436 -9670.073113
48.743590 -0.794872 -9670.328331
48.743590 -0.692308 -9670.813846
48.743590 -0.589744 -9671.549072
48.743590 -0.487179 -9672.554500
48.743590 -0.384615 -9673.852074
48.743590 -0.282051 -9675.465673
48.743590 -0.179487 -9677.421735
48.743590 -0.076923 -9679.750024
48.743590 0.025641 -9682.484560
48.743590 0.128205 -9685.664729
48.743590 0.230769 -9689.336584
48.743590 0.333333 -9693.554324
48.743590 0.435897 -9698.381917
48.743590 0.538462 -9703.894804
48.743590 0.641026 -9710.181567
48.743590 0.743590 -9717.345429
48.743590 0.846154 -9725.505436
48.743590 0.948718 -9734.797172
48.743590 1.051282 -9745.372901
48.743590 1.153846 -9757.401079
48.743590 1.256410 -9771.065282
48.743590 1.358974 -9786.562667
48.743590 1.461538 -9804.102165
48.743590 1.564103 -9823.902681
48.743590 1.666667 -9846.191569
48.743590 1.769231 -9871.203628
48.743590 1.871795 -9899.180805
48.743590 1.974359 -9930.372633
48.743590 2.076923 -9965.037346
48.743590 2.179487 -10003.443463
48.743590 2.282051 -10045.871572
48.743590 2.384615 -10092.615985
48.743590 2.487179 -10143.985861
48.743590 2.589744 -10200.305260
48.743590 2.692308 -10261.911351
48.743590 2.794872 -10329.149650
48.743590 2.897436 -10402.364997
48.743590 3.000000 -10481.887246
50.000000 -1.000000 -9670.247862
50.000000 -0.897436 -9670.389190
50.000000 -0.794872 -9670.749410
50.000000 -0.692308 -9671.347186
50.000000 -0.589744 -9672.202041
50.000000 -0.487179 -9673.334644
50.000000 -0.384615 -9674.767217
50.000000 -0.282051 -9676.524058
50.000000 -0.179487 -9678.632203
50.000000 -0.076923 -9681.122227
50.000000 0.025641 -9684.029223
50.000000 0.128205 -9687.393956
50.000000 0.230769 -9691.264204
50.000000 0.333333 -9695.696269
50.000000 0.435897 -9700.756630
50.000000 0.538462 -9706.523624
50.000000 0.641026 -9713.089082
50.000000 0.743590 -9720.559746
50.000000 0.846154 -9729.058323
50.000000 0.948718 -9738.724051
50.000000 1.051282 -9749.712663
50.000000 1.153846 -9762.195737
50.000000 1.256410 -9776.359481
50.000000 1.358974 -9792.403106
50.000000 1.461538 -9810.536995
50.000000 1.564103 -9830.980956
50.000000 1.666667 -9853.962820
50.000000 1.769231 -9879.717611
50.000000 1.871795 -9908.487441
50.000000 1.974359 -9940.522142
50.000000 2.076923 -9976.080519
50.000000 2.179487 -10015.432019
50.000000 2.282051 -10058.858517
50.000000 2.384615 -10106.655895
50.000000 2.487179 -10159.134987
50.000000 2.589744 -10216.621338
50.000000 2.692308 -10279.452927
50.000000 2.794872 -10347.974691
50.000000 2.897436 -10422.528569
50.000000 3.000000 -10503.438147
