1.000000 -1.000000 -9026.573227
1.000000 -0.897436 -9026.341227
1.000000 -0.794872 -9026.098113
1.000000 -0.692308 -9025.843154
1.000000 -0.589744 -9025.575561
1.000000 -0.487179 -9025.294481
1.000000 -0.384615 -9024.998991
1.000000 -0.282051 -9024.688091
1.000000 -0.179487 -9024.360698
1.000000 -0.076923 -9024.015637
1.000000 0.025641 -9023.651632
1.000000 0.128205 -9023.267300
1.000000 0.230769 -9022.861134
1.000000 0.333333 -9022.431499
1.000000 0.435897 -9021.976615
1.000000 0.538462 -9021.494544
1.000000 0.641026 -9020.983177
1.000000 0.743590 -9020.440218
1.000000 0.846154 -9019.863166
1.000000 0.948718 -9019.249299
1.000000 1.051282 -9018.595651
1.000000 1.153846 -9017.898999
1.000000 1.256410 -9017.155834
1.000000 1.358974 -9016.362348
1.000000 1.461538 -9015.514409
1.000000 1.564103 -9014.607543
1.000000 1.666667 -9013.636917
1.000000 1.769231 -9012.597325
1.000000 1.871795 -9011.483184
1.000000 1.974359 -9010.288527
1.000000 2.076923 -9009.007025
1.000000 2.179487 -9007.632005
1.000000 2.282051 -9006.156511
1.000000 2.384615 -9004.573377
1.000000 2.487179 -9002.875350
1.000000 2.589744 -9001.055256
1.000000 2.692308 -8999.106241
1.000000 2.794872 -8997.022088
1.000000 2.897436 -8994.797644
1.000000 3.000000 -8992.429383
2.256410 -1.000000 -9008.700600
2.256410 -0.897436 -9007.766005
2.256410 -0.794872 -9006.792774
2.256410 -0.692308 -9005.778646
2.256410 -0.589744 -9004.721210
2.256410 -0.487179 -9003.617889
2.256410 -0.384615 -9002.465928
2.256410 -0.282051 -9001.262389
2.256410 -0.179487 -9000.004131
2.256410 -0.076923 -8998.687806
2.256410 0.025641 -8997.309843
2.256410 0.128205 -8995.866439
2.256410 0.230769 -8994.353552
2.256410 0.333333 -8992.766890
2.256410 0.435897 -8991.101913
2.256410 0.538462 -8989.353829
2.256410 0.641026 -8987.517602
2.256410 0.743590 -8985.587968
2.256410 0.846154 -8983.559454
2.256410 0.948718 -8981.426423
2.256410 1.051282 -8979.183122
2.256410 1.153846 -8976.823758
2.256410 1.256410 -8974.342604
2.256410 1.358974 -8971.734129
2.256410 1.461538 -8968.993178
2.256410 1.564103 -8966.115192
2.256410 1.666667 -8963.096497
2.256410 1.769231 -8959.934657
2.256410 1.871795 -8956.628918
2.256410 1.974359 -8953.180740
2.256410 2.076923 -8949.594457
2.256410 2.179487 -8945.878058
2.256410 2.282051 -8942.044114
2.256410 2.384615 -8938.110877
2.256410 2.487179 -8934.103548
2.256410 2.589744 -8930.055737
2.256410 2.692308 -8926.011127
2.256410 2.794872 -8922.025326
2.256410 2.897436 -8918.167919
2.256410 3.000000 -8914.524679
3.512821 -1.000000 -8987.548196
3.512821 -0.897436 -8985.891527
3.512821 -0.794872 -8984.177922
3.512821 -0.692308 -8982.404400
3.512821 -0.589744 -8980.567820
3.512821 -0.487179 -8978.664875
3.512821 -0.384615 -8976.692090
3.512821 -0.282051 -8974.645822
3.512821 -0.179487 -8972.522268
3.512821 -0.076923 -8970.317471
3.512821 0.025641 -8968.027336
3.512821 0.128205 -8965.647660
3.512821 0.230769 -8963.174163
3.512821 0.333333 -8960.602536
3.512821 0.435897 -8957.928513
3.512821 0.538462 -8955.147951
3.512821 0.641026 -8952.256947
3.512821 0.743590 -8949.251975
3.512821 0.846154 -8946.130067
3.512821 0.948718 -8942.889030
3.512821 1.051282 -8939.527720
3.512821 1.153846 -8936.046364
3.512821 1.256410 -8932.446952
3.512821 1.358974 -8928.733703
3.512821 1.461538 -8924.913607
3.512821 1.564103 -8920.997057
3.512821 1.666667 -8916.998578
3.512821 1.769231 -8912.937655
3.512821 1.871795 -8908.839662
3.512821 1.974359 -8904.736910
3.512821 2.076923 -8900.669791
3.512821 2.179487 -8896.688043
3.512821 2.282051 -8892.852103
3.512821 2.384615 -8889.234555
3.512821 2.487179 -8885.921649
3.512821 2.589744 -8883.014853
3.512821 2.692308 -8880.632407
3.512821 2.794872 -8878.910849
3.512821 2.897436 -8878.006438
3.512821 3.000000 -8878.096467
4.769231 -1.000000 -8967.656161
4.769231 -0.897436 -8965.456646
4.769231 -0.794872 -8963.193874
4.769231 -0.692308 -8960.864741
4.769231 -0.589744 -8958.466032
4.769231 -0.487179 -8955.994436
4.769231 -0.384615 -8953.446568
4.769231 -0.282051 -8950.818999
4.769231 -0.179487 -8948.108301
4.769231 -0.076923 -8945.311101
4.769231 0.025641 -8942.424158
4.769231 0.128205 -8939.444457
4.769231 0.230769 -8936.369328
4.769231 0.333333 -8933.196594
4.769231 0.435897 -8929.924759
4.769231 0.538462 -8926.553223
4.769231 0.641026 -8923.082551
4.769231 0.743590 -8919.514786
4.769231 0.846154 -8915.853819
4.769231 0.948718 -8912.105813
4.769231 1.051282 -8908.279695
4.769231 1.153846 -8904.387704
4.769231 1.256410 -8900.446016
4.769231 1.358974 -8896.475430
4.769231 1.461538 -8892.502119
4.769231 1.564103 -8888.558460
4.769231 1.666667 -8884.683917
4.769231 1.769231 -8880.925998
4.769231 1.871795 -8877.341268
4.769231 1.974359 -8873.996412
4.769231 2.076923 -8870.969353
4.769231 2.179487 -8868.350385
4.769231 2.282051 -8866.243316
4.769231 2.384615 -8864.766587
4.769231 2.487179 -8864.054326
4.769231 2.589744 -8864.257323
4.769231 2.692308 -8865.543898
4.769231 2.794872 -8868.100669
4.769231 2.897436 -8872.133226
4.769231 3.000000 -8877.866752
6.025641 -1.000000 -8950.394090
6.025641 -0.897436 -8947.831969
6.025641 -0.794872 -8945.206833
6.025641 -0.692308 -8942.515705
6.025641 -0.589744 -8939.755610
6.025641 -0.487179 -8936.923620
6.025641 -0.384615 -8934.016919
6.025641 -0.282051 -8931.032884
6.025641 -0.179487 -8927.969189
6.025641 -0.076923 -8924.823932
6.025641 0.025641 -8921.595790
6.025641 0.128205 -8918.284208
6.025641 0.230769 -8914.889625
6.025641 0.333333 -8911.413734
6.025641 0.435897 -8907.859797
6.025641 0.538462 -8904.232991
6.025641 0.641026 -8900.540811
6.025641 0.743590 -8896.793523
6.025641 0.846154 -8893.004660
6.025641 0.948718 -8889.191565
6.025641 1.051282 -8885.375989
6.025641 1.153846 -8881.584721
6.025641 1.256410 -8877.850274
6.025641 1.358974 -8874.211595
6.025641 1.461538 -8870.714832
6.025641 1.564103 -8867.414128
6.025641 1.666667 -8864.372459
6.025641 1.769231 -8861.662500
6.025641 1.871795 -8859.367522
6.025641 1.974359 -8857.582294
6.025641 2.076923 -8856.413981
6.025641 2.179487 -8855.982997
6.025641 2.282051 -8856.423803
6.025641 2.384615 -8857.885629
6.025641 2.487179 -8860.533110
6.025641 2.589744 -8864.546853
6.025641 2.692308 -8870.123981
6.025641 2.794872 -8877.478679
6.025641 2.897436 -8886.842780
6.025641 3.000000 -8898.466400
7.282051 -1.000000 -8935.836281
7.282051 -0.897436 -8933.043848
7.282051 -0.794872 -8930.191357
7.282051 -0.692308 -8927.276185
7.282051 -0.589744 -8924.295898
7.282051 -0.487179 -8921.248351
7.282051 -0.384615 -8918.131805
7.282051 -0.282051 -8914.945072
7.282051 -0.179487 -8911.687691
7.282051 -0.076923 -8908.360136
7.282051 0.025641 -8904.964056
7.282051 0.128205 -8901.502553
7.282051 0.230769 -8897.980505
7.282051 0.333333 -8894.404917
7.282051 0.435897 -8890.785319
7.282051 0.538462 -8887.134202
7.282051 0.641026 -8883.467481
7.282051 0.743590 -8879.805003
7.282051 0.846154 -8876.171070
7.282051 0.948718 -8872.595002
7.282051 1.051282 -8869.111716
7.282051 1.153846 -8865.762334
7.282051 1.256410 -8862.594813
7.282051 1.358974 -8859.664607
7.282051 1.461538 -8857.035355
7.282051 1.564103 -8854.779601
7.282051 1.666667 -8852.979533
7.282051 1.769231 -8851.727746
7.282051 1.871795 -8851.127987
7.282051 1.974359 -8851.295884
7.282051 2.076923 -8852.359617
7.282051 2.179487 -8854.460528
7.282051 2.282051 -8857.753658
7.282051 2.384615 -8862.408246
7.282051 2.487179 -8868.608207
7.282051 2.589744 -8876.552651
7.282051 2.692308 -8886.456472
7.282051 2.794872 -8898.551016
7.282051 2.897436 -8913.084805
7.282051 3.000000 -8930.324243
8.538462 -1.000000 -8923.646334
8.538462 -0.897436 -8920.712310
8.538462 -0.794872 -8917.722325
8.538462 -0.692308 -8914.674436
8.538462 -0.589744 -8911.567163
8.538462 -0.487179 -8908.399643
8.538462 -0.384615 -8905.171812
8.538462 -0.282051 -8901.884615
8.538462 -0.179487 -8898.540248
8.538462 -0.076923 -8895.142437
8.538462 0.025641 -8891.696745
8.538462 0.128205 -8888.210918
8.538462 0.230769 -8884.695258
8.538462 0.333333 -8881.163027
8.538462 0.435897 -8877.630871
8.538462 0.538462 -8874.119271
8.538462 0.641026 -8870.653011
8.538462 0.743590 -8867.261653
8.538462 0.846154 -8863.980039
8.538462 0.948718 -8860.848791
8.538462 1.051282 -8857.914841
8.538462 1.153846 -8855.231978
8.538462 1.256410 -8852.861417
8.538462 1.358974 -8850.872405
8.538462 1.461538 -8849.342855
8.538462 1.564103 -8848.359999
8.538462 1.666667 -8848.021061
8.538462 1.769231 -8848.433901
8.538462 1.871795 -8849.717643
8.538462 1.974359 -8852.003229
8.538462 2.076923 -8855.433929
8.538462 2.179487 -8860.165793
8.538462 2.282051 -8866.368094
8.538462 2.384615 -8874.223803
8.538462 2.487179 -8883.930142
8.538462 2.589744 -8895.699236
8.538462 2.692308 -8909.758864
8.538462 2.794872 -8926.353232
8.538462 2.897436 -8945.743714
8.538462 3.000000 -8968.209461
9.794872 -1.000000 -8913.417469
9.794872 -0.897436 -8910.400361
9.794872 -0.794872 -8907.332234
9.794872 -0.692308 -8904.212232
9.794872 -0.589744 -8901.040308
9.794872 -0.487179 -8897.817433
9.794872 -0.384615 -8894.545827
9.794872 -0.282051 -8891.229229
9.794872 -0.179487 -8887.873187
9.794872 -0.076923 -8884.485385
9.794872 0.025641 -8881.075985
9.794872 0.128205 -8877.658001
9.794872 0.230769 -8874.247684
9.794872 0.333333 -8870.864925
9.794872 0.435897 -8867.533660
9.794872 0.538462 -8864.282291
9.794872 0.641026 -8861.144108
9.794872 0.743590 -8858.157713
9.794872 0.846154 -8855.367459
9.794872 0.948718 -8852.823903
9.794872 1.051282 -8850.584285
9.794872 1.153846 -8848.713031
9.794872 1.256410 -8847.282298
9.794872 1.358974 -8846.372553
9.794872 1.461538 -8846.073174
9.794872 1.564103 -8846.483057
9.794872 1.666667 -8847.711212
9.794872 1.769231 -8849.877313
9.794872 1.871795 -8853.112198
9.794872 1.974359 -8857.558313
9.794872 2.076923 -8863.370126
9.794872 2.179487 -8870.714548
9.794872 2.282051 -8879.771425
9.794872 2.384615 -8890.734123
9.794872 2.487179 -8903.810239
9.794872 2.589744 -8919.222393
9.794872 2.692308 -8937.209045
9.794872 2.794872 -8958.025235
9.794872 2.897436 -8981.943195
9.794872 3.000000 -9009.252789
11.051282 -1.000000 -8904.782904
11.051282 -0.897436 -8901.722140
11.051282 -0.794872 -8898.616346
11.051282 -0.692308 -8895.466191
11.051282 -0.589744 -8892.273540
11.051282 -0.487179 -8889.041707
11.051282 -0.384615 -8885.775729
11.051282 -0.282051 -8882.482669
11.051282 -0.179487 -8879.171933
11.051282 -0.076923 -8875.855610
11.051282 0.025641 -8872.548826
11.051282 0.128205 -8869.270104
11.051282 0.230769 -8866.041725
11.051282 0.333333 -8862.890100
11.051282 0.435897 -8859.846131
11.051282 0.538462 -8856.945574
11.051282 0.641026 -8854.229410
11.051282 0.743590 -8851.744218
11.051282 0.846154 -8849.542568
11.051282 0.948718 -8847.683449
11.051282 1.051282 -8846.232720
11.051282 1.153846 -8845.263618
11.051282 1.256410 -8844.857298
11.051282 1.358974 -8845.103396
11.051282 1.461538 -8846.100611
11.051282 1.564103 -8847.957256
11.051282 1.666667 -8850.791772
11.051282 1.769231 -8854.733189
11.051282 1.871795 -8859.921534
11.051282 1.974359 -8866.508218
11.051282 2.076923 -8874.656451
11.051282 2.179487 -8884.541738
11.051282 2.282051 -8896.352489
11.051282 2.384615 -8910.290761
11.051282 2.487179 -8926.573083
11.051282 2.589744 -8945.431290
11.051282 2.692308 -8967.113280
11.051282 2.794872 -8991.883611
11.051282 2.897436 -9020.023944
11.051282 3.000000 -9051.833382
12.307692 -1.000000 -8897.441254
12.307692 -0.897436 -8894.364710
12.307692 -0.794872 -8891.250479
12.307692 -0.692308 -8888.101158
12.307692 -0.589744 -8884.920943
12.307692 -0.487179 -8881.715908
12.307692 -0.384615 -8878.494301
12.307692 -0.282051 -8875.266860
12.307692 -0.179487 -8872.047129
12.307692 -0.076923 -8868.851793
12.307692 0.025641 -8865.701004
12.307692 0.128205 -8862.618710
12.307692 0.230769 -8859.632977
12.307692 0.333333 -8856.776305
12.307692 0.435897 -8854.085944
12.307692 0.538462 -8851.604200
12.307692 0.641026 -8849.378770
12.307692 0.743590 -8847.463077
12.307692 0.846154 -8845.916658
12.307692 0.948718 -8844.805582
12.307692 1.051282 -8844.202925
12.307692 1.153846 -8844.189280
12.307692 1.256410 -8844.853310
12.307692 1.358974 -8846.292301
12.307692 1.461538 -8848.612696
12.307692 1.564103 -8851.930587
12.307692 1.666667 -8856.372149
12.307692 1.769231 -8862.074026
12.307692 1.871795 -8869.183698
12.307692 1.974359 -8877.859885
12.307692 2.076923 -8888.273034
12.307692 2.179487 -8900.605944
12.307692 2.282051 -8915.054512
12.307692 2.384615 -8931.828580
12.307692 2.487179 -8951.152789
12.307692 2.589744 -8973.267342
12.307692 2.692308 -8998.428621
12.307692 2.794872 -9026.909619
12.307692 2.897436 -9059.000283
12.307692 3.000000 -9095.007830
13.564103 -1.000000 -8891.153614
13.564103 -0.897436 -8888.082305
13.564103 -0.794872 -8884.982238
13.564103 -0.692308 -8881.858275
13.564103 -0.589744 -8878.717266
13.564103 -0.487179 -8875.568337
13.564103 -0.384615 -8872.423187
13.564103 -0.282051 -8869.296394
13.564103 -0.179487 -8866.205718
13.564103 -0.076923 -8863.172400
13.564103 0.025641 -8860.221453
13.564103 0.128205 -8857.381947
13.564103 0.230769 -8854.687280
13.564103 0.333333 -8852.175445
13.564103 0.435897 -8849.889302
13.564103 0.538462 -8847.876854
13.564103 0.641026 -8846.191555
13.564103 0.743590 -8844.892653
13.564103 0.846154 -8844.045582
13.564103 0.948718 -8843.722411
13.564103 1.051282 -8844.002339
13.564103 1.153846 -8844.972232
13.564103 1.256410 -8846.727164
13.564103 1.358974 -8849.370947
13.564103 1.461538 -8853.016606
13.564103 1.564103 -8857.786799
13.564103 1.666667 -8863.814189
13.564103 1.769231 -8871.241794
13.564103 1.871795 -8880.223367
13.564103 1.974359 -8890.923874
13.564103 2.076923 -8903.520099
13.564103 2.179487 -8918.201397
13.564103 2.282051 -8935.170540
13.564103 2.384615 -8954.644592
13.564103 2.487179 -8976.855693
13.564103 2.589744 -9002.051693
13.564103 2.692308 -9030.496602
13.564103 2.794872 -9062.470925
13.564103 2.897436 -9098.271978
13.564103 3.000000 -9138.214245
14.820513 -1.000000 -8885.733024
14.820513 -0.897436 -8882.683896
14.820513 -0.794872 -8879.616635
14.820513 -0.692308 -8876.538623
14.820513 -0.589744 -8873.459578
14.820513 -0.487179 -8870.391838
14.820513 -0.384615 -8867.350648
14.820513 -0.282051 -8864.354434
14.820513 -0.179487 -8861.425080
14.820513 -0.076923 -8858.588182
14.820513 0.025641 -8855.873300
14.820513 0.128205 -8853.314190
14.820513 0.230769 -8850.949034
14.820513 0.333333 -8848.820669
14.820513 0.435897 -8846.976830
14.820513 0.538462 -8845.470418
14.820513 0.641026 -8844.359809
14.820513 0.743590 -8843.709226
14.820513 0.846154 -8843.589160
14.820513 0.948718 -8844.076853
14.820513 1.051282 -8845.256824
14.820513 1.153846 -8847.221408
14.820513 1.256410 -8850.071281
14.820513 1.358974 -8853.915931
14.820513 1.461538 -8858.874078
14.820513 1.564103 -8865.074029
14.820513 1.666667 -8872.654012
14.820513 1.769231 -8881.762535
14.820513 1.871795 -8892.558832
14.820513 1.974359 -8905.213448
14.820513 2.076923 -8919.908966
14.820513 2.179487 -8936.840856
14.820513 2.282051 -8956.218361
14.820513 2.384615 -8978.265312
14.820513 2.487179 -9003.220790
14.820513 2.589744 -9031.339608
14.820513 2.692308 -9062.892639
14.820513 2.794872 -9098.167130
14.820513 2.897436 -9137.467061
14.820513 3.000000 -9181.113509
16.076923 -1.000000 -8881.033423
16.076923 -0.897436 -8878.020956
16.076923 -0.794872 -8875.002677
16.076923 -0.692308 -8871.988647
16.076923 -0.589744 -8868.991562
16.076923 -0.487179 -8866.027020
16.076923 -0.384615 -8863.113779
16.076923 -0.282051 -8860.273999
16.076923 -0.179487 -8857.533479
16.076923 -0.076923 -8854.921869
16.076923 0.025641 -8852.472873
16.076923 0.128205 -8850.224446
16.076923 0.230769 -8848.218988
16.076923 0.333333 -8846.503552
16.076923 0.435897 -8845.130078
16.076923 0.538462 -8844.155678
16.076923 0.641026 -8843.642969
16.076923 0.743590 -8843.660483
16.076923 0.846154 -8844.283133
16.076923 0.948718 -8845.592729
16.076923 1.051282 -8847.678517
16.076923 1.153846 -8850.637703
16.076923 1.256410 -8854.575935
16.076923 1.358974 -8859.607720
16.076923 1.461538 -8865.856775
16.076923 1.564103 -8873.456347
16.076923 1.666667 -8882.549542
16.076923 1.769231 -8893.289738
16.076923 1.871795 -8905.841127
16.076923 1.974359 -8920.379416
16.076923 2.076923 -8937.092654
16.076923 2.179487 -8956.182126
16.076923 2.282051 -8977.863204
16.076923 2.384615 -9002.366053
16.076923 2.487179 -9029.936147
16.076923 2.589744 -9060.834619
16.076923 2.692308 -9095.338554
16.076923 2.794872 -9133.741329
16.076923 2.897436 -9176.353027
16.076923 3.000000 -9223.500705
17.333333 -1.000000 -8876.940218
17.333333 -0.897436 -8873.977320
17.333333 -0.794872 -8871.022533
17.333333 -0.692308 -8868.088669
17.333333 -0.589744 -8865.191423
17.333333 -0.487179 -8862.349602
17.333333 -0.384615 -8859.585355
17.333333 -0.282051 -8856.924377
17.333333 -0.179487 -8854.396098
17.333333 -0.076923 -8852.033863
17.333333 0.025641 -8849.875092
17.333333 0.128205 -8847.961447
17.333333 0.230769 -8846.339010
17.333333 0.333333 -8845.058484
17.333333 0.435897 -8844.175444
17.333333 0.538462 -8843.750653
17.333333 0.641026 -8843.850438
17.333333 0.743590 -8844.547142
17.333333 0.846154 -8845.919635
17.333333 0.948718 -8848.053849
17.333333 1.051282 -8851.043309
17.333333 1.153846 -8854.989626
17.333333 1.256410 -8860.002922
17.333333 1.358974 -8866.202182
17.333333 1.461538 -8873.715564
17.333333 1.564103 -8882.680703
17.333333 1.666667 -8893.245079
17.333333 1.769231 -8905.566511
17.333333 1.871795 -8919.813808
17.333333 1.974359 -8936.167572
17.333333 2.076923 -8954.821088
17.333333 2.179487 -8975.981199
17.333333 2.282051 -8999.869075
17.333333 2.384615 -9026.720775
17.333333 2.487179 -9056.787634
17.333333 2.589744 -9090.336541
17.333333 2.692308 -9127.650249
17.333333 2.794872 -9169.027783
17.333333 2.897436 -9214.784859
17.333333 3.000000 -9265.253861
18.589744 -1.000000 -8873.362826
18.589744 -0.897436 -8870.461309
18.589744 -0.794872 -8867.583267
18.589744 -0.692308 -8864.744270
18.589744 -0.589744 -8861.962951
18.589744 -0.487179 -8859.261210
18.589744 -0.384615 -8856.664398
18.589744 -0.282051 -8854.201491
18.589744 -0.179487 -8851.905234
18.589744 -0.076923 -8849.812289
18.589744 0.025641 -8847.963366
18.589744 0.128205 -8846.403374
18.589744 0.230769 -8845.181594
18.589744 0.333333 -8844.351899
18.589744 0.435897 -8843.973037
18.589744 0.538462 -8844.108982
18.589744 0.641026 -8844.829372
18.589744 0.743590 -8846.210001
18.589744 0.846154 -8848.333353
18.589744 0.948718 -8851.289147
18.589744 1.051282 -8855.174837
18.589744 1.153846 -8860.096057
18.589744 1.256410 -8866.166983
18.589744 1.358974 -8873.510634
18.589744 1.461538 -8882.259157
18.589744 1.564103 -8892.554150
18.589744 1.666667 -8904.547102
18.589744 1.769231 -8918.399979
18.589744 1.871795 -8934.285985
18.589744 1.974359 -8952.390434
18.589744 2.076923 -8972.911652
18.589744 2.179487 -8996.061792
18.589744 2.282051 -9022.067472
18.589744 2.384615 -9051.170210
18.589744 2.487179 -9083.626712
18.589744 2.589744 -9119.709137
18.589744 2.692308 -9159.705475
18.589744 2.794872 -9203.920009
18.589744 2.897436 -9252.673626
18.589744 3.000000 -9306.303289
19.846154 -1.000000 -8870.228962
19.846154 -0.897436 -8867.399778
19.846154 -0.794872 -8864.610684
19.846154 -0.692308 -8861.879948
19.846154 -0.589744 -8859.229034
19.846154 -0.487179 -8856.682760
19.846154 -0.384615 -8854.269460
19.846154 -0.282051 -8852.021106
19.846154 -0.179487 -8849.973432
19.846154 -0.076923 -8848.166045
19.846154 0.025641 -8846.642547
19.846154 0.128205 -8845.450681
19.846154 0.230769 -8844.642517
19.846154 0.333333 -8844.274704
19.846154 0.435897 -8844.408793
19.846154 0.538462 -8845.111650
19.846154 0.641026 -8846.455929
19.846154 0.743590 -8848.520609
19.846154 0.846154 -8851.391536
19.846154 0.948718 -8855.161952
19.846154 1.051282 -8859.932949
19.846154 1.153846 -8865.813856
19.846154 1.256410 -8872.922545
19.846154 1.358974 -8881.385693
19.846154 1.461538 -8891.339073
19.846154 1.564103 -8902.927928
19.846154 1.666667 -8916.307490
19.846154 1.769231 -8931.643678
19.846154 1.871795 -8949.113937
19.846154 1.974359 -8968.908147
19.846154 2.076923 -8991.229486
19.846154 2.179487 -9016.295150
19.846154 2.282051 -9044.336852
19.846154 2.384615 -9075.601151
19.846154 2.487179 -9110.349685
19.846154 2.589744 -9148.859491
19.846154 2.692308 -9191.423447
19.846154 2.794872 -9238.350751
19.846154 2.897436 -9289.966959
19.846154 3.000000 -9346.612729
21.102564 -1.000000 -8867.480329
21.102564 -0.897436 -8864.733683
21.102564 -0.794872 -8862.044781
21.102564 -0.692308 -8859.434494
21.102564 -0.589744 -8856.926959
21.102564 -0.487179 -8854.549721
21.102564 -0.384615 -8852.333844
21.102564 -0.282051 -8850.314014
21.102564 -0.179487 -8848.528629
21.102564 -0.076923 -8847.019897
21.102564 0.025641 -8845.833953
21.102564 0.128205 -8845.021016
21.102564 0.230769 -8844.635605
21.102564 0.333333 -8844.736834
21.102564 0.435897 -8845.388784
21.102564 0.538462 -8846.660971
21.102564 0.641026 -8848.628858
21.102564 0.743590 -8851.374414
21.102564 0.846154 -8854.986649
21.102564 0.948718 -8859.562106
21.102564 1.051282 -8865.205260
21.102564 1.153846 -8872.028849
21.102564 1.256410 -8880.154124
21.102564 1.358974 -8889.711110
21.102564 1.461538 -8900.838919
21.102564 1.564103 -8913.686196
21.102564 1.666667 -8928.411736
21.102564 1.769231 -8945.185276
21.102564 1.871795 -8964.188384
21.102564 1.974359 -8985.615367
21.102564 2.076923 -9009.674057
21.102564 2.179487 -9036.586411
21.102564 2.282051 -9066.588890
21.102564 2.384615 -9099.932704
21.102564 2.487179 -9136.884057
21.102564 2.589744 -9177.724537
21.102564 2.692308 -9222.751629
21.102564 2.794872 -9272.279103
21.102564 2.897436 -9326.636611
21.102564 3.000000 -9386.167467
22.358974 -1.000000 -8865.069391
22.358974 -0.897436 -8862.414785
22.358974 -0.794872 -8859.836412
22.358974 -0.692308 -8857.357607
22.358974 -0.589744 -8855.005015
22.358974 -0.487179 -8852.808686
22.358974 -0.384615 -8850.802169
22.358974 -0.282051 -8849.022579
22.358974 -0.179487 -8847.510676
22.358974 -0.076923 -8846.310955
22.358974 0.025641 -8845.471771
22.358974 0.128205 -8845.045523
22.358974 0.230769 -8845.088907
22.358974 0.333333 -8845.663263
22.358974 0.435897 -8846.835002
22.358974 0.538462 -8848.676118
22.358974 0.641026 -8851.264733
22.358974 0.743590 -8854.685657
22.358974 0.846154 -8859.030899
22.358974 0.948718 -8864.400106
22.358974 1.051282 -8870.900908
22.358974 1.153846 -8878.649188
22.358974 1.256410 -8887.769309
22.358974 1.358974 -8898.394383
22.358974 1.461538 -8910.666636
22.358974 1.564103 -8924.737941
22.358974 1.666667 -8940.770532
22.358974 1.769231 -8958.937860
22.358974 1.871795 -8979.425516
22.358974 1.974359 -9002.432088
22.358974 2.076923 -9028.169849
22.358974 2.179487 -9056.865233
22.358974 2.282051 -9088.759108
22.358974 2.384615 -9124.106994
22.358974 2.487179 -9163.179355
22.358974 2.589744 -9206.262071
22.358974 2.692308 -9253.656978
22.358974 2.794872 -9305.682048
22.358974 2.897436 -9362.670361
22.358974 3.000000 -9424.966712
23.615385 -1.000000 -8862.956948
23.615385 -0.897436 -8860.403201
23.615385 -0.794872 -8857.944809
23.615385 -0.692308 -8855.607423
23.615385 -0.589744 -8853.420005
23.615385 -0.487179 -8851.414895
23.615385 -0.384615 -8849.627877
23.615385 -0.282051 -8848.098231
23.615385 -0.179487 -8846.868803
23.615385 -0.076923 -8845.986097
23.615385 0.025641 -8845.500426
23.615385 0.128205 -8845.466123
23.615385 0.230769 -8845.941854
23.615385 0.333333 -8846.991008
23.615385 0.435897 -8848.682185
23.615385 0.538462 -8851.089736
23.615385 0.641026 -8854.294331
23.615385 0.743590 -8858.383498
23.615385 0.846154 -8863.452094
23.615385 0.948718 -8869.602694
23.615385 1.051282 -8876.945867
23.615385 1.153846 -8885.600409
23.615385 1.256410 -8895.693563
23.615385 1.358974 -8907.361313
23.615385 1.461538 -8920.748831
23.615385 1.564103 -8936.011092
23.615385 1.666667 -8953.313677
23.615385 1.769231 -8972.833675
23.615385 1.871795 -8994.760594
23.615385 1.974359 -9019.297146
23.615385 2.076923 -9046.659820
23.615385 2.179487 -9077.079239
23.615385 2.282051 -9110.800372
23.615385 2.384615 -9148.082754
23.615385 2.487179 -9189.200855
23.615385 2.589744 -9234.444634
23.615385 2.692308 -9284.120029
23.615385 2.794872 -9338.548791
23.615385 2.897436 -9398.066659
23.615385 3.000000 -9463.018618
24.871795 -1.000000 -8861.110317
24.871795 -0.897436 -8858.665572
24.871795 -0.794872 -8856.335756
24.871795 -0.692308 -8854.148676
24.871795 -0.589744 -8852.135417
24.871795 -0.487179 -8850.330395
24.871795 -0.384615 -8848.771395
24.871795 -0.282051 -8847.499617
24.871795 -0.179487 -8846.559744
24.871795 -0.076923 -8846.000054
24.871795 0.025641 -8845.872595
24.871795 0.128205 -8846.233451
24.871795 0.230769 -8847.143095
24.871795 0.333333 -8848.666845
24.871795 0.435897 -8850.875388
24.871795 0.538462 -8853.845348
24.871795 0.641026 -8857.659852
24.871795 0.743590 -8862.409039
24.871795 0.846154 -8868.190478
24.871795 0.948718 -8875.109497
24.871795 1.051282 -8883.279408
24.871795 1.153846 -8892.821711
24.871795 1.256410 -8903.866329
24.871795 1.358974 -8916.551954
24.871795 1.461538 -8931.026573
24.871795 1.564103 -8947.448176
24.871795 1.666667 -8965.985622
24.871795 1.769231 -8986.819563
24.871795 1.871795 -9010.143315
24.871795 1.974359 -9036.163541
24.871795 2.076923 -9065.100714
24.871795 2.179487 -9097.189376
24.871795 2.282051 -9132.678317
24.871795 2.384615 -9171.830837
24.871795 2.487179 -9214.925211
24.871795 2.589744 -9262.255287
24.871795 2.692308 -9314.130837
24.871795 2.794872 -9370.876909
24.871795 2.897436 -9432.831029
24.871795 3.000000 -9500.337004
26.128205 -1.000000 -8859.501956
26.128205 -0.897436 -8857.173688
26.128205 -0.794872 -8854.980217
26.128205 -0.692308 -8852.951333
26.128205 -0.589744 -8851.120060
26.128205 -0.487179 -8849.522682
26.128205 -0.384615 -8848.198766
26.128205 -0.282051 -8847.191211
26.128205 -0.179487 -8846.546322
26.128205 -0.076923 -8846.313951
26.128205 0.025641 -8846.547707
26.128205 0.128205 -8847.305278
26.128205 0.230769 -8848.648834
26.128205 0.333333 -8850.645534
26.128205 0.435897 -8853.368086
26.128205 0.538462 -8856.895325
26.128205 0.641026 -8861.312756
26.128205 0.743590 -8866.713026
26.128205 0.846154 -8873.196284
26.128205 0.948718 -8880.870446
26.128205 1.051282 -8889.851383
26.128205 1.153846 -8900.263119
26.128205 1.256410 -8912.238088
26.128205 1.358974 -8925.917562
26.128205 1.461538 -8941.452247
26.128205 1.564103 -8959.003084
26.128205 1.666667 -8978.742155
26.128205 1.769231 -9000.853598
26.128205 1.871795 -9025.534411
26.128205 1.974359 -9052.995030
26.128205 2.076923 -9083.459682
26.128205 2.179487 -9117.166572
26.128205 2.282051 -9154.368067
26.128205 2.384615 -9195.331028
26.128205 2.487179 -9240.337366
26.128205 2.589744 -9289.684634
26.128205 2.692308 -9343.686147
26.128205 2.794872 -9402.669694
26.128205 2.897436 -9466.973632
26.128205 3.000000 -9536.939167
27.384615 -1.000000 -8858.108420
27.384615 -0.897436 -8855.903452
27.384615 -0.794872 -8853.853296
27.384615 -0.692308 -8851.989565
27.384615 -0.589744 -8850.347038
27.384615 -0.487179 -8848.963667
27.384615 -0.384615 -8847.880609
27.384615 -0.282051 -8847.142261
27.384615 -0.179487 -8846.796369
27.384615 -0.076923 -8846.894191
27.384615 0.025641 -8847.490766
27.384615 0.128205 -8848.645276
27.384615 0.230769 -8850.421513
27.384615 0.333333 -8852.888423
27.384615 0.435897 -8856.120686
27.384615 0.538462 -8860.199293
27.384615 0.641026 -8865.212060
27.384615 0.743590 -8871.254041
27.384615 0.846154 -8878.427830
27.384615 0.948718 -8886.843776
27.384615 1.051282 -8896.620143
27.384615 1.153846 -8907.883316
27.384615 1.256410 -8920.768111
27.384615 1.358974 -8935.418274
27.384615 1.461538 -8951.987167
27.384615 1.564103 -8970.638631
27.384615 1.666667 -8991.547917
27.384615 1.769231 -9014.902566
27.384615 1.871795 -9040.903125
27.384615 1.974359 -9069.763617
27.384615 2.076923 -9101.711796
27.384615 2.179487 -9136.989300
27.384615 2.282051 -9175.851862
27.384615 2.384615 -9218.569740
27.384615 2.487179 -9265.428333
27.384615 2.589744 -9316.728717
27.384615 2.692308 -9372.787406
27.384615 2.794872 -9433.934306
27.384615 2.897436 -9500.507589
27.384615 3.000000 -9572.844419
28.641026 -1.000000 -8856.909560
28.641026 -0.897436 -8854.834079
28.641026 -0.794872 -8852.933456
28.641026 -0.692308 -8851.240963
28.641026 -0.589744 -8849.792958
28.641026 -0.487179 -8848.628890
28.641026 -0.384615 -8847.791316
28.641026 -0.282051 -8847.325968
28.641026 -0.179487 -8847.281875
28.641026 -0.076923 -8847.711574
28.641026 0.025641 -8848.671428
28.641026 0.128205 -8850.222042
28.641026 0.230769 -8852.428779
28.641026 0.333333 -8855.362335
28.641026 0.435897 -8859.099331
28.641026 0.538462 -8863.722868
28.641026 0.641026 -8869.322996
28.641026 0.743590 -8875.997076
28.641026 0.846154 -8883.850020
28.641026 0.948718 -8892.994459
28.641026 1.051282 -8903.550902
28.641026 1.153846 -8915.647958
28.641026 1.256410 -8929.422718
28.641026 1.358974 -8945.021325
28.641026 1.461538 -8962.599751
28.641026 1.564103 -8982.324694
28.641026 1.666667 -9004.374520
28.641026 1.769231 -9028.940078
28.641026 1.871795 -9056.225324
28.641026 1.974359 -9086.447677
28.641026 2.076923 -9119.838208
28.641026 2.179487 -9156.641781
28.641026 2.282051 -9197.117321
28.641026 2.384615 -9241.538342
28.641026 2.487179 -9290.193599
28.641026 2.589744 -9343.387486
28.641026 2.692308 -9401.439336
28.641026 2.794872 -9464.680481
28.641026 2.897436 -9533.447839
28.641026 3.000000 -9608.073107
29.897436 -1.000000 -8855.887908
29.897436 -0.897436 -8853.947492
29.897436 -0.794872 -8852.201907
29.897436 -0.692308 -8850.685928
29.897436 -0.589744 -8849.437334
29.897436 -0.487179 -8848.496900
29.897436 -0.384615 -8847.908432
29.897436 -0.282051 -8847.718847
29.897436 -0.179487 -8847.978330
29.897436 -0.076923 -8848.740598
29.897436 0.025641 -8850.063264
29.897436 0.128205 -8852.008310
29.897436 0.230769 -8854.642639
29.897436 0.333333 -8858.038676
29.897436 0.435897 -8862.274951
29.897436 0.538462 -8867.436630
29.897436 0.641026 -8873.615926
29.897436 0.743590 -8880.912401
29.897436 0.846154 -8889.433158
29.897436 0.948718 -8899.292974
29.897436 1.051282 -8910.614466
29.897436 1.153846 -8923.528357
29.897436 1.256410 -8938.173927
29.897436 1.358974 -8954.699664
29.897436 1.461538 -8973.264108
29.897436 1.564103 -8994.036782
29.897436 1.666667 -9017.199101
29.897436 1.769231 -9042.945123
29.897436 1.871795 -9071.482061
29.897436 1.974359 -9103.030548
29.897436 2.076923 -9137.824776
29.897436 2.179487 -9176.112650
29.897436 2.282051 -9218.156146
29.897436 2.384615 -9264.231914
29.897436 2.487179 -9314.631938
29.897436 2.589744 -9369.663701
29.897436 2.692308 -9429.648919
29.897436 2.794872 -9494.919610
29.897436 2.897436 -9565.810342
29.897436 3.000000 -9642.645957
31.153846 -1.000000 -8855.028197
31.153846 -0.897436 -8853.227843
31.153846 -0.794872 -8851.642134
31.153846 -0.692308 -8850.307204
31.153846 -0.589744 -8849.262100
31.153846 -0.487179 -8848.548779
31.153846 -0.384615 -8848.212156
31.153846 -0.282051 -8848.300208
31.153846 -0.179487 -8848.864181
31.153846 -0.076923 -8849.958895
31.153846 0.025641 -8851.643164
31.153846 0.128205 -8853.980316
31.153846 0.230769 -8857.038782
31.153846 0.333333 -8860.892699
31.153846 0.435897 -8865.622482
31.153846 0.538462 -8871.315310
31.153846 0.641026 -8878.065480
31.153846 0.743590 -8885.974655
31.153846 0.846154 -8895.152003
31.153846 0.948718 -8905.714322
31.153846 1.051282 -8917.786222
31.153846 1.153846 -8931.500446
31.153846 1.256410 -8946.998397
31.153846 1.358974 -8964.430869
31.153846 1.461538 -8983.958942
31.153846 1.564103 -9005.754923
31.153846 1.666667 -9030.003210
31.153846 1.769231 -9056.900958
31.153846 1.871795 -9086.658483
31.153846 1.974359 -9119.499458
31.153846 2.076923 -9155.661014
31.153846 2.179487 -9195.393946
31.153846 2.282051 -9238.963156
31.153846 2.384615 -9286.648332
31.153846 2.487179 -9338.744546
31.153846 2.589744 -9395.562118
31.153846 2.692308 -9457.424661
31.153846 2.794872 -9524.664095
31.153846 2.897436 -9597.611536
31.153846 3.000000 -9676.583642
32.410256 -1.000000 -8854.316984
32.410256 -0.897436 -8852.661141
32.410256 -0.794872 -8851.239527
32.410256 -0.692308 -8850.089500
32.410256 -0.589744 -8849.251239
32.410256 -0.487179 -8848.767753
32.410256 -0.384615 -8848.684944
32.410256 -0.282051 -8849.051753
32.410256 -0.179487 -8849.920406
32.410256 -0.076923 -8851.346774
32.410256 0.025641 -8853.390843
32.410256 0.128205 -8856.117275
32.410256 0.230769 -8859.596020
32.410256 0.333333 -8863.902916
32.410256 0.435897 -8869.120235
32.410256 0.538462 -8875.337113
32.410256 0.641026 -8882.649854
32.410256 0.743590 -8891.162113
32.410256 0.846154 -8900.985011
32.410256 0.948718 -8912.237252
32.410256 1.051282 -8925.045336
32.410256 1.153846 -8939.543955
32.410256 1.256410 -8955.876585
32.410256 1.358974 -8974.196298
32.410256 1.461538 -8994.666687
32.410256 1.564103 -9017.462799
32.410256 1.666667 -9042.771941
32.410256 1.769231 -9070.794246
32.410256 1.871795 -9101.742986
32.410256 1.974359 -9135.844700
32.410256 2.076923 -9173.339302
32.410256 2.179487 -9214.480345
32.410256 2.282051 -9259.535559
32.410256 2.384615 -9308.787570
32.410256 2.487179 -9362.534394
32.410256 2.589744 -9421.088893
32.410256 2.692308 -9484.776059
32.410256 2.794872 -9553.926892
32.410256 2.897436 -9628.867963
32.410256 3.000000 -9709.906494
33.666667 -1.000000 -8853.742357
33.666667 -0.897436 -8852.234956
33.666667 -0.794872 -8850.981084
33.666667 -0.692308 -8850.019197
33.666667 -0.589744 -8849.390481
33.666667 -0.487179 -8849.138882
33.666667 -0.384615 -8849.311191
33.666667 -0.282051 -8849.957231
33.666667 -0.179487 -8851.130152
33.666667 -0.076923 -8852.886842
33.666667 0.025641 -8855.288442
33.666667 0.128205 -8858.400949
33.666667 0.230769 -8862.295827
33.666667 0.333333 -8867.050604
33.666667 0.435897 -8872.749374
33.666667 0.538462 -8879.483175
33.666667 0.641026 -8887.350232
33.666667 0.743590 -8896.456094
33.666667 0.846154 -8906.913721
33.666667 0.948718 -8918.843621
33.666667 1.051282 -8932.374106
33.666667 1.153846 -8947.641751
33.666667 1.256410 -8964.792076
33.666667 1.358974 -8983.980405
33.666667 1.461538 -9005.372819
33.666667 1.564103 -9029.147058
33.666667 1.666667 -9055.493251
33.666667 1.769231 -9084.614391
33.666667 1.871795 -9116.726556
33.666667 1.974359 -9152.058999
33.666667 2.076923 -9190.854273
33.666667 2.179487 -9233.368579
33.666667 2.282051 -9279.872388
33.666667 2.384615 -9330.651176
33.666667 2.487179 -9386.005735
33.666667 2.589744 -9446.251145
33.666667 2.692308 -9511.713212
33.666667 2.794872 -9582.721182
33.666667 2.897436 -9659.596013
33.666667 3.000000 -9742.634325
34.923077 -1.000000 -8853.293691
34.923077 -0.897436 -8851.938183
34.923077 -0.794872 -8850.855175
34.923077 -0.692308 -8850.084103
34.923077 -0.589744 -8849.667053
34.923077 -0.487179 -8849.648806
34.923077 -0.384615 -8850.076962
34.923077 -0.282051 -8851.002163
34.923077 -0.179487 -8852.478443
34.923077 -0.076923 -8854.563687
34.923077 0.025641 -8857.320193
34.923077 0.128205 -8860.815287
34.923077 0.230769 -8865.121954
34.923077 0.333333 -8870.319394
34.923077 0.435897 -8876.493488
34.923077 0.538462 -8883.737111
34.923077 0.641026 -8892.150326
34.923077 0.743590 -8901.840473
34.923077 0.846154 -8912.922256
34.923077 0.948718 -8925.517895
34.923077 1.051282 -8939.757441
34.923077 1.153846 -8955.779314
34.923077 1.256410 -8973.731047
34.923077 1.358974 -8993.770201
34.923077 1.461538 -9016.065313
34.923077 1.564103 -9040.796765
34.923077 1.666667 -9068.157419
34.923077 1.769231 -9098.353004
34.923077 1.871795 -9131.602261
34.923077 1.974359 -9168.137013
34.923077 2.076923 -9208.202333
34.923077 2.179487 -9252.056975
34.923077 2.282051 -9299.974080
34.923077 2.384615 -9352.241875
34.923077 2.487179 -9409.163741
34.923077 2.589744 -9471.056622
34.923077 2.692308 -9538.246542
34.923077 2.794872 -9611.060149
34.923077 2.897436 -9689.811756
34.923077 3.000000 -9774.786318
36.179487 -1.000000 -8852.961463
36.179487 -0.897436 -8851.760852
36.179487 -0.794872 -8850.851348
36.179487 -0.692308 -8850.273260
36.179487 -0.589744 -8850.069479
36.179487 -0.487179 -8850.285538
36.179487 -0.384615 -8850.969776
36.179487 -0.282051 -8852.173611
36.179487 -0.179487 -8853.951934
36.179487 -0.076923 -8856.363621
36.179487 0.025641 -8859.472129
36.179487 0.128205 -8863.346126
36.179487 0.230769 -8868.060110
36.179487 0.333333 -8873.694938
36.179487 0.435897 -8880.338232
36.179487 0.538462 -8888.084643
36.179487 0.641026 -8897.035982
36.179487 0.743590 -8907.301289
36.179487 0.846154 -8918.996918
36.179487 0.948718 -8932.246723
36.179487 1.051282 -8947.182441
36.179487 1.153846 -8963.944300
36.179487 1.256410 -8982.681831
36.179487 1.358974 -9003.554811
36.179487 1.461538 -9026.734206
36.179487 1.564103 -9052.402975
36.179487 1.666667 -9080.756622
36.179487 1.769231 -9112.003487
36.179487 1.871795 -9146.364841
36.179487 1.974359 -9184.074946
36.179487 2.076923 -9225.381291
36.179487 2.179487 -9270.545110
36.179487 2.282051 -9319.842140
36.179487 2.384615 -9373.563258
36.179487 2.487179 -9432.014226
36.179487 2.589744 -9495.513461
36.179487 2.692308 -9564.386589
36.179487 2.794872 -9638.956818
36.179487 2.897436 -9719.530835
36.179487 3.000000 -9806.380965
37.435897 -1.000000 -8852.737094
37.435897 -0.897436 -8851.693971
37.435897 -0.794872 -8850.960170
37.435897 -0.692308 -8850.576783
37.435897 -0.589744 -8850.587417
37.435897 -0.487179 -8851.038287
37.435897 -0.384615 -8851.978422
37.435897 -0.282051 -8853.459979
37.435897 -0.179487 -8855.538699
37.435897 -0.076923 -8858.274449
37.435897 0.025641 -8861.731854
37.435897 0.128205 -8865.980931
37.435897 0.230769 -8871.097689
37.435897 0.333333 -8877.164617
37.435897 0.435897 -8884.271033
37.435897 0.538462 -8892.513290
37.435897 0.641026 -8901.994868
37.435897 0.743590 -8912.826415
37.435897 0.846154 -8925.125852
37.435897 0.948718 -8939.018603
37.435897 1.051282 -8954.638048
37.435897 1.153846 -8972.126196
37.435897 1.256410 -8991.634562
37.435897 1.358974 -9013.325124
37.435897 1.461538 -9037.371239
37.435897 1.564103 -9063.958376
37.435897 1.666667 -9093.284585
37.435897 1.769231 -9125.560699
37.435897 1.871795 -9161.010387
37.435897 1.974359 -9199.870241
37.435897 2.076923 -9242.390073
37.435897 2.179487 -9288.833531
37.435897 2.282051 -9339.478887
37.435897 2.384615 -9394.619551
37.435897 2.487179 -9454.563432
37.435897 2.589744 -9519.630005
37.435897 2.692308 -9590.143865
37.435897 2.794872 -9666.423950
37.435897 2.897436 -9748.768395
37.435897 3.000000 -9837.436035
38.692308 -1.000000 -8852.612819
38.692308 -0.897436 -8851.729395
38.692308 -0.794872 -8851.173099
38.692308 -0.692308 -8850.985721
38.692308 -0.589744 -8851.211513
38.692308 -0.487179 -8851.897313
38.692308 -0.384615 -8853.092800
38.692308 -0.282051 -8854.850856
38.692308 -0.179487 -8857.228062
38.692308 -0.076923 -8860.285288
38.692308 0.025641 -8864.088339
38.692308 0.128205 -8868.708588
38.692308 0.230769 -8874.223548
38.692308 0.333333 -8880.717308
38.692308 0.435897 -8888.280834
38.692308 0.538462 -8897.012112
38.692308 0.641026 -8907.016203
38.692308 0.743590 -8918.405284
38.692308 0.846154 -8931.298770
38.692308 0.948718 -8945.823601
38.692308 1.051282 -8962.114762
38.692308 1.153846 -8980.316030
38.692308 1.256410 -9000.580890
38.692308 1.358974 -9023.073502
38.692308 1.461538 -9047.969572
38.692308 1.564103 -9075.457012
38.692308 1.666667 -9105.736315
38.692308 1.769231 -9139.020690
38.692308 1.871795 -9175.536090
38.692308 1.974359 -9215.521333
38.692308 2.076923 -9259.228483
38.692308 2.179487 -9306.923543
38.692308 2.282051 -9358.887253
38.692308 2.384615 -9415.415428
38.692308 2.487179 -9476.817870
38.692308 2.589744 -9543.414671
38.692308 2.692308 -9615.528751
38.692308 2.794872 -9693.473969
38.692308 2.897436 -9777.539047
38.692308 3.000000 -9867.968575
39.948718 -1.000000 -8852.581589
39.948718 -0.897436 -8851.859724
39.948718 -0.794872 -8851.482374
39.948718 -0.692308 -8851.491950
39.948718 -0.589744 -8851.933286
39.948718 -0.487179 -8852.853802
39.948718 -0.384615 -8854.303797
39.948718 -0.282051 -8856.336866
39.948718 -0.179487 -8859.010438
39.948718 -0.076923 -8862.386399
39.948718 0.025641 -8866.531746
39.948718 0.128205 -8871.519215
39.948718 0.230769 -8877.427805
39.948718 0.333333 -8884.343180
39.948718 0.435897 -8892.357892
39.948718 0.538462 -8901.571490
39.948718 0.641026 -8912.090540
39.948718 0.743590 -8924.028670
39.948718 0.846154 -8937.506725
39.948718 0.948718 -8952.653115
39.948718 1.051282 -8969.604407
39.948718 1.153846 -8988.506133
39.948718 1.256410 -9009.513738
39.948718 1.358974 -9032.793540
39.948718 1.461538 -9058.523550
39.948718 1.564103 -9086.894046
39.948718 1.666667 -9118.107866
39.948718 1.769231 -9152.380484
39.948718 1.871795 -9189.940030
39.948718 1.974359 -9231.027459
39.948718 2.076923 -9275.897023
39.948718 2.179487 -9324.817032
39.948718 2.282051 -9378.070624
39.948718 2.384615 -9435.955874
39.948718 2.487179 -9498.784198
39.948718 2.589744 -9566.875850
39.948718 2.692308 -9640.551422
39.948718 2.794872 -9720.118919
39.948718 2.897436 -9805.856852
39.948718 3.000000 -9897.994910
41.205128 -1.000000 -8852.636974
41.205128 -0.897436 -8852.078212
41.205128 -0.794872 -8851.880921
41.205128 -0.692308 -8852.088072
41.205128 -0.589744 -8852.745031
41.205128 -0.487179 -8853.899761
41.205128 -0.384615 -8855.603166
41.205128 -0.282051 -8857.909553
41.205128 -0.179487 -8860.877209
41.205128 -0.076923 -8864.569052
41.205128 0.025641 -8869.053286
41.205128 0.128205 -8874.404005
41.205128 0.230769 -8880.701685
41.205128 0.333333 -8888.033519
41.205128 0.435897 -8896.493594
41.205128 0.538462 -8906.182947
41.205128 0.641026 -8917.209577
41.205128 0.743590 -8929.688492
41.205128 0.846154 -8943.741912
41.205128 0.948718 -8959.499684
41.205128 1.051282 -8977.099936
41.205128 1.153846 -8996.689946
41.205128 1.256410 -9018.427109
41.205128 1.358974 -9042.479875
41.205128 1.461538 -9069.028508
41.205128 1.564103 -9098.265576
41.205128 1.666667 -9130.396166
41.205128 1.769231 -9165.637907
41.205128 1.871795 -9204.221011
41.205128 1.974359 -9246.388496
41.205128 2.076923 -9292.396747
41.205128 2.179487 -9342.516334
41.205128 2.282051 -9397.032717
41.205128 2.384615 -9456.246072
41.205128 2.487179 -9520.469132
41.205128 2.589744 -9590.021833
41.205128 2.692308 -9665.221801
41.205128 2.794872 -9746.370435
41.205128 2.897436 -9833.735314
41.205128 3.000000 -9927.530669
42.461538 -1.000000 -8852.773097
42.461538 -0.897436 -8852.378689
42.461538 -0.794872 -8852.362277
42.461538 -0.692308 -8852.767339
42.461538 -0.589744 -8853.639727
42.461538 -0.487179 -8855.027926
42.461538 -0.384615 -8856.983434
42.461538 -0.282051 -8859.561276
42.461538 -0.179487 -8862.820612
42.461538 -0.076923 -8866.825409
42.461538 0.025641 -8871.645086
42.461538 0.128205 -8877.355097
42.461538 0.230769 -8884.037371
42.461538 0.333333 -8891.780588
42.461538 0.435897 -8900.680311
42.461538 0.538462 -8910.838997
42.461538 0.641026 -8922.366005
42.461538 0.743590 -8935.377661
42.461538 0.846154 -8949.997518
42.461538 0.948718 -8966.356826
42.461538 1.051282 -8984.595265
42.461538 1.153846 -9004.861852
42.461538 1.256410 -9027.315919
42.461538 1.358974 -9052.128019
42.461538 1.461538 -9079.480614
42.461538 1.564103 -9109.568483
42.461538 1.666667 -9142.598863
42.461538 1.769231 -9178.791445
42.461538 1.871795 -9218.378432
42.461538 1.974359 -9261.604840
42.461538 2.076923 -9308.729143
42.461538 2.179487 -9360.024126
42.461538 2.282051 -9415.777486
42.461538 2.384615 -9476.291324
42.461538 2.487179 -9541.879372
42.461538 2.589744 -9612.860763
42.461538 2.692308 -9689.549521
42.461538 2.794872 -9772.239736
42.461538 2.897436 -9861.187392
42.461538 3.000000 -9956.590804
43.717949 -1.000000 -8852.984568
43.717949 -0.897436 -8852.755500
43.717949 -0.794872 -8852.920526
43.717949 -0.692308 -8853.523578
43.717949 -0.589744 -8854.610968
43.717949 -0.487179 -8856.231683
43.717949 -0.384615 -8858.437815
43.717949 -0.282051 -8861.285116
43.717949 -0.179487 -8864.833639
43.717949 -0.076923 -8869.148413
43.717949 0.025641 -8874.300084
43.717949 0.128205 -8880.365458
43.717949 0.230769 -8887.427888
43.717949 0.333333 -8895.577500
43.717949 0.435897 -8904.911270
43.717949 0.538462 -8915.533010
43.717949 0.641026 -8927.553370
43.717949 0.743590 -8941.089945
43.717949 0.846154 -8956.267576
43.717949 0.948718 -8973.218901
43.717949 1.051282 -8992.085140
43.717949 1.153846 -9013.017043
43.717949 1.256410 -9036.175866
43.717949 1.358974 -9061.734229
43.717949 1.461538 -9089.876737
43.717949 1.564103 -9120.800299
43.717949 1.666667 -9154.714208
43.717949 1.769231 -9191.840125
43.717949 1.871795 -9232.412168
43.717949 1.974359 -9276.677298
43.717949 2.076923 -9324.896036
43.717949 2.179487 -9377.343336
43.717949 2.282051 -9434.309040
43.717949 2.384615 -9496.096980
43.717949 2.487179 -9563.021553
43.717949 2.589744 -9635.400597
43.717949 2.692308 -9713.543914
43.717949 2.794872 -9797.737617
43.717949 2.897436 -9888.225509
43.717949 3.000000 -9985.189621
44.974359 -1.000000 -8853.266431
44.974359 -0.897436 -8853.203450
44.974359 -0.794872 -8853.550235
44.974359 -0.692308 -8854.351136
44.974359 -0.589744 -8855.652899
44.974359 -0.487179 -8857.505003
44.974359 -0.384615 -8859.960139
44.974359 -0.282051 -8863.074802
44.974359 -0.179487 -8866.909955
44.974359 -0.076923 -8871.531706
44.974359 0.025641 -8877.011933
44.974359 0.128205 -8883.428781
44.974359 0.230769 -8890.867000
44.974359 0.333333 -8899.418112
44.974359 0.435897 -8909.180445
44.974359 0.538462 -8920.259102
44.974359 0.641026 -8932.765967
44.974359 0.743590 -8946.819853
44.974359 0.846154 -8962.546860
44.974359 0.948718 -8980.080997
44.974359 1.051282 -8999.565018
44.974359 1.153846 -9021.151402
44.974359 1.256410 -9045.003309
44.974359 1.358974 -9071.295393
44.974359 1.461538 -9100.214338
44.974359 1.564103 -9131.959102
44.974359 1.666667 -9166.740949
44.974359 1.769231 -9204.783423
44.974359 1.871795 -9246.322491
44.974359 1.974359 -9291.607010
44.974359 2.076923 -9340.899515
44.974359 2.179487 -9394.477080
44.974359 2.282051 -9452.631585
44.974359 2.384615 -9515.668390
44.974359 2.487179 -9583.902206
44.974359 2.589744 -9657.649080
44.974359 2.692308 -9737.213990
44.974359 2.794872 -9822.874453
44.974359 2.897436 -9914.861574
44.974359 3.000000 -10013.340807
46.230769 -1.000000 -8853.614120
46.230769 -0.897436 -8853.717754
46.230769 -0.794872 -8854.246409
46.230769 -0.692308 -8855.244822
46.230769 -0.589744 -8856.760155
46.230769 -0.487179 -8858.842376
46.230769 -0.384615 -8861.544786
46.230769 -0.282051 -8864.924638
46.230769 -0.179487 -8869.043824
46.230769 -0.076923 -8873.969548
46.230769 0.025641 -8879.774918
46.230769 0.128205 -8886.539404
46.230769 0.230769 -8894.349118
46.230769 0.333333 -8903.296930
46.230769 0.435897 -8913.482462
46.230769 0.538462 -8925.012044
46.230769 0.641026 -8937.998742
46.230769 0.743590 -8952.562543
46.230769 0.846154 -8968.830783
46.230769 0.948718 -8986.938831
46.230769 1.051282 -9007.030973
46.230769 1.153846 -9029.261407
46.230769 1.256410 -9053.795180
46.230769 1.358974 -9080.808936
46.230769 1.461538 -9110.491377
46.230769 1.564103 -9143.043434
46.230769 1.666667 -9178.678253
46.230769 1.769231 -9217.621186
46.230769 1.871795 -9260.109990
46.230769 1.974359 -9306.395378
46.230769 2.076923 -9356.741868
46.230769 2.179487 -9411.428600
46.230769 2.282051 -9470.749378
46.230769 2.384615 -9535.010865
46.230769 2.487179 -9604.527729
46.230769 2.589744 -9679.613731
46.230769 2.692308 -9760.568444
46.230769 2.794872 -9847.660215
46.230769 2.897436 -9941.106997
46.230769 3.000000 -10041.057463
47.487179 -1.000000 -8854.023418
47.487179 -0.897436 -8854.294000
47.487179 -0.794872 -8855.004449
47.487179 -0.692308 -8856.199867
47.487179 -0.589744 -8857.927818
47.487179 -0.487179 -8860.238764
47.487179 -0.384615 -8863.186628
47.487179 -0.282051 -8866.829441
47.487179 -0.179487 -8871.230045
47.487179 -0.076923 -8876.456746
47.487179 0.025641 -8882.583883
47.487179 0.128205 -8889.692231
47.487179 0.230769 -8897.869228
47.487179 0.333333 -8907.209039
47.487179 0.435897 -8917.812522
47.487179 0.538462 -8929.787180
47.487179 0.641026 -8943.247209
47.487179 0.743590 -8958.313737
47.487179 0.846154 -8975.115317
47.487179 0.948718 -8993.788668
47.487179 1.051282 -9014.479608
47.487179 1.153846 -9037.344046
47.487179 1.256410 -9062.548893
47.487179 1.358974 -9090.272740
47.487179 1.461538 -9120.706241
47.487179 1.564103 -9154.052221
47.487179 1.666667 -9190.525632
47.487179 1.769231 -9230.353564
47.487179 1.871795 -9273.775513
47.487179 1.974359 -9321.044013
47.487179 2.076923 -9372.425535
47.487179 2.179487 -9428.201226
47.487179 2.282051 -9488.666687
47.487179 2.384615 -9554.129650
47.487179 2.487179 -9624.904370
47.487179 2.589744 -9701.301832
47.487179 2.692308 -9783.615651
47.487179 2.794872 -9872.104473
47.487179 2.897436 -9966.972714
47.487179 3.000000 -10068.352130
48.743590 -1.000000 -8854.490422
48.743590 -0.897436 -8854.928108
48.743590 -0.794872 -8855.820112
48.743590 -0.692308 -8857.211877
48.743590 -0.589744 -8859.151370
48.743590 -0.487179 -8861.689553
48.743590 -0.384615 -8864.880984
48.743590 -0.282051 -8868.784496
48.743590 -0.179487 -8873.463894
48.743590 -0.076923 -8878.988598
48.743590 0.025641 -8885.434171
48.743590 0.128205 -8892.882670
48.743590 0.230769 -8901.422818
48.743590 0.333333 -8911.150026
48.743590 0.435897 -8922.166332
48.743590 0.538462 -8934.580356
48.743590 0.641026 -8948.507382
48.743590 0.743590 -8964.069651
48.743590 0.846154 -8981.396918
48.743590 0.948718 -9000.627251
48.743590 1.051282 -9021.907992
48.743590 1.153846 -9045.396755
48.743590 1.256410 -9071.262286
48.743590 1.358974 -9099.685078
48.743590 1.461538 -9130.857675
48.743590 1.564103 -9164.984719
48.743590 1.666667 -9202.282891
48.743590 1.769231 -9242.980960
48.743590 1.871795 -9287.320116
48.743590 1.974359 -9335.554687
48.743590 2.076923 -9387.953062
48.743590 2.179487 -9444.798334
48.743590 2.282051 -9506.387762
48.743590 2.384615 -9573.029899
48.743590 2.487179 -9645.038210
48.743590 2.589744 -9722.720427
48.743590 2.692308 -9806.363674
48.743590 2.794872 -9896.216417
48.743590 2.897436 -9992.469211
48.743590 3.000000 -10095.236822
50.000000 -1.000000 -8855.011516
50.000000 -0.897436 -8855.616304
50.000000 -0.794872 -8856.689475
50.000000 -0.692308 -8858.276805
50.000000 -0.589744 -8860.426658
50.000000 -0.487179 -8863.190510
50.000000 -0.384615 -8866.623573
50.000000 -0.282051 -8870.785500
50.000000 -0.179487 -8875.741076
50.000000 -0.076923 -8881.560841
50.000000 0.025641 -8888.321570
50.000000 0.128205 -8896.106575
50.000000 0.230769 -8905.005825
50.000000 0.333333 -8915.115926
50.000000 0.435897 -8926.540042
50.000000 0.538462 -8939.387860
50.000000 0.641026 -8953.775715
50.000000 0.743590 -8969.826938
50.000000 0.846154 -8987.672474
50.000000 0.948718 -9007.451736
50.000000 1.051282 -9029.313593
50.000000 1.153846 -9053.417348
50.000000 1.256410 -9079.933555
50.000000 1.358974 -9109.044561
50.000000 1.461538 -9140.944731
50.000000 1.564103 -9175.840455
50.000000 1.666667 -9213.950076
50.000000 1.769231 -9255.503983
50.000000 1.871795 -9300.745025
50.000000 1.974359 -9349.929295
50.000000 2.076923 -9403.327073
50.000000 2.179487 -9461.223322
50.000000 2.282051 -9523.916813
50.000000 2.384615 -9591.716658
50.000000 2.487179 -9664.935159
50.000000 2.589744 -9743.876317
50.000000 2.692308 -9828.820269
50.000000 2.794872 -9920.004869
50.000000 2.897436 -10017.606540
50.000000 3.000000 -10121.723053
